427081230006211
37062830464429183
307878692570850062
9991891710455858799
095542218218639929
9202749728638378
87649296690420611
158623238567608725
973547289118384216
2138058421804999949
950604259013573304
7175161440295461
112019973634591
21544048330582377
9319802993160477227
03615815491365721
0628726472525567
037610886602008182
180788886434748009
6535942324009731910
389012912492623
4698462492357796827
5727885318391919749
6380070433804410122
126551373145227
6047778103190373926
4078110801285592806
423169591305060683
166240483459285847
474375659046476
7678201430845718656
815012004715907
907980014838173536
4305600450983311
485084171294376026
1505084205095145377
5185940912824839272
869195216001722
6143389331675942
42666681758078141
882497829890229698
8817526554671068945
2270386811044185652
9238244604681082520
1953432805289045
82567232478465857
3638398253447196516
39433900519442441
514589184165684
169970112240327
489391697293731
7730194593318530
1710877321254425107
0222564407492441
1905960828745199
9080005061124957263
66028191771589234
6723459645531055502
5415347156550786
372234160333857002
9220448010787226
363785700521032
30355804601146572
040313175541281768
626596692651351
0062563826621184414
6963180609412900212
423859616774845386
736673195497360
534776801714218
3445527673623654
68021492250455576
9635529946656789466
077309163659904487
900504178075785
539899698239577016
678547595891451
84256481646511054
579951137111688
766105405204139
5660078214498023811
886976773002611
3243989882619408780
8197813191578727
18978166094432742
814119271954866
971026301763125
4077165758565871598
8028892809349372416
477276749843396539
33546926974758800
368259518420102553
944120700025633
401866236728005
901347926488251742
193883969288631
7029257411026084694
98433657235577425
716053787239382
2817717718101368015
71071672499230312
61123490640885857
256746108068732272
576296388586188361
77555303143002551
97423642918056209
7974488678489119590
8787346011215045051
3607892997651207
498986876402085395
7048447118824405
6264153820683905
5815760542649273846
9635846628095657
1697263408621076100
5044155792390083
5804841111182917134
52029260297833061
941136950951347444
331033885565824
810802948121175959
779639342151273435
5478972000691595960
59778338300808952
6127862480759694
90514248690674566
2678457425086078
436818564223897940
91241067390051820
844953286318201
7556226561255157
295388358490510412
9367317888349768
8534216108786024
7724970080288884
640745031902675108
6583365785335163990
980969841497204
952066673110162
97525357787033860
693793510447845
317153938405704004
970492862366081786
48099267792479121
5578891262885504
6646046526382788
95314774097937764
80040451842219627
9792802702486817
9519670461046840586
292775448792752
8619899708420845972
8081289921660950
682987179109501813
766770360284124
0973038723657948
2061828034293903
00429023458557462
7550441595233749
658038756065783
510995741278859
761881179485763
775447163592327850
49693715962947088
937068256590677
81182243934900671
5961806645202512
5451989908192982
1819892551001068188
37501089907127510
312974720538035
885863528133901
924061663700173
39378290519844533
071140385403305177
176275176743186
5665820277969845
747750521643483144
253868918101703
7574990892257938288
2915708769089750
204807112288387396
948499117261640
446165426737323048
378054221134060
974715233312916632
3190086948884725863
13025260958664796
732469577048788283
2298320107476356986
605552234961246
21158033985058074
302442693794776464
833446908350987
240335670971134375
0998184101496109494
562240960473842
5090755645823300338
3052785391999641
997302593740178104
0655483062433465961
86619941881602913
877448688100025
47070404251600922
093962850058465
89251157843624688
88406127374594746
3771156321180589719
152809137425194
485680514988328
630121190465884
378090532490281736
36006064962443706
0847479411065045
44398572486413432
1651079090337962
1302923181431658
4704924417697412150
7331993479829296
578000662683130268
760305790402351
65013072682879796
538870580108169843
161965125376346
4625586894250544003
3725210740347801181
747208047100082
86130822757562132
67876696390473085
23518930434754923
9324848419751421
6842832557872386696
4463232562522581145
0585855534180173
9845097710276536432
3342249752336574
0696872058905162
354872962508076
185938198568273
573782003849440663
44039035802789921
436323730489946
072670446820386
221458725396438393
7479838138255368
3206892772656652
35836762904849909
54139224542737722
7991326383204566
28049756325022288
9493588406288415
13122135489853409
85597164372017659
0860647451272057
8839802411161810
46396860972518145
171250368566620
3270069535738337260
96991248290656243
935004970739782308
96485548103650676
3202763004348736169
812422995000274998
103018552373421866
4123627095412232
4081543414011366133
991056006649898855
225030762248765443
2535066438772198200
7058873918577975547
721914574258842
9787968594728311
560910257395867154
301129815635004
6922056682182796747
226117274345952
4447669323150838932
564753725055824810
6757712082470465100
256756793738177842
2202935386450331
9592867375831257450
92167648012129609
362386934055684446
74283349819596273
648015247839985611
99836847570991828
9546224704068274
0571545331900757754
7691627250357911108
0722153359734285
6320653099891450
988955026315080
53094758022839855
56069359459898321
9349814956232724230
1147983148805300223
823008152347632926
401882105632470596
669883895973671
807931838394377024
8844556254269792622
80862889563913330
430041958347142
3444100552703096
4421365048685624
655818302013925
97874496956328570
541237754359360935
8010014913636865720
0010731165340794260
50568797169031013
71146019887968688
96961323812065424
51583251525839126
1013977904482816907
770968027593559517
49538914846690041
40358889270218603
952143407543574
4755699033957165
4095876936242278482
917454014508848
298990437423805
74560053612965018
249894455404410
557597614754066560
08802629059520153
4583128237848345979
524946165727657
37839383033472424
2413056611757693
43916630467976051
302941558316909
7071105257235841
244575494769448317
547226846432960
004820337944951866
5751708724690150246
2434062218065982425
282373856571693516
18039311393420770
39368433836824333
065246337511184082
4233273874427973
3105560960588618
2087691408413615512
417969409515373
0199483385122394
97659605911868849
0403202036134262808
327015148455287322
1314366017187053
497733481545885
431913278517249
760453521143200
882528855793100028
198298164667181
4150492516945947029
918615506452266353
980829537132885834
95382706340279859
7793521184912883591
9869213661060323542
83387159835953421
3779418399994973187
9821408921293084
656796183950121
4469110872444424016
54842134131125210
2093738600037112867
27405950756928514
517820509127082
901575669224888222
5143858333475858170
190678101514131115
47278699313882274
1497574843996913
8150871878025859
887827865023835
7400624422932186
562730148773862
945592389828764924
0589014254113157443
6827812958357096539
183057247329037
24525399780820358
6872758546373254035
624673906468383295
131596039806534175
9565944768901677474
1257898814746864
952121145213106
732294611054467
4139317377117135
834335084150724
3195985030161159
112648452393314755
6002219272135904155
0983461547520141320
39086984147570576
0698804593425481
38940439504523565
37229575891734615
820522216311115504
2382746245760609546
24117654737185725
3844700670580440
5043919356268589
48693342445703910
902730082376881
26708164149673623
209691858695581
392573378247687439
47452550299105783
555936382446933811
37666736606713208
9238736227459972
78487533449781083
92654955561362746
0903663372748488822
498864611200881971
763207011080728301
2378562806092358329
9124031061172425476
36108257077077972
46016436007581604
4501128100352439
099890617719124
2866154090333041
7478889703109763
15816313739166618
009569870973540
2892289910494971477
095472938800978
3074212882461012406
064602386393882
474385281990494779
4390988810835164544
8769229180338461325
018288406338433579
056303150363174
237971099642530
786087339711215
439838031935863
498645540834828212
514153073841029168
7109899957602942
9969482207562233587
0446945145765349
83285640943106085
484134298385972
862232872084451768
58981750900509437
3744879583359117
5547296307339478613
019893165642887
9074940832905683
7377240444083048
580893541556066
150743527149969427
45955510323896609
84630383887063861
98814115731915577
74008625563923305
6424880596272118
129348671490878
0975569419427834
285725926063673149
9514488972105349777
8649598407125977
169801230859790842
97062782536085962
520039948481088
3506410002366954
958859382706124847
62695259487124431
25235129121391108
839441665572373
613484607856637290
5652944644177806395
8894934361821682
603323257628421414
912447869113095528
112497262461839
72240771442753337
16747194576836600
5292094646286204913
8529627506716975
958745226649290
588698764043660565
2619910910666598986
2313805682173496499
6555213163582004
848120073180773
07828365379399095
8919967684031120388
1645976595007684920
894590444729103
3581144900094193
7848547651775013527
57880503232745315
92591054490185343
784232991363443571
5764380152829341
2603760276850355
5846207376467798
4050404482986085
72841014926769326
537997783465008
63307132679859797
4923663317866514095
8227304569487217139
047152000703533270
79126634394604177
0025318075173753598
077971450881480750
426616756386621761
76425809198773204
6573421298515572806
489899516079250709
5479591666217063
952049182968426
614901020020903029
3466279472575813491
171823454377473
0901338094761927728
5740510050020125233
92073084981399582
8239110763118995221
592401549645365
0695787078896808
388444412379766182
1364707387855811
1925198098759705905
1457194196786612
0884693386644299583
3716326935718407233
2392846904424625
1371686755443912594
709656155857262591
10323365212442638
1070896527864569
94733637268712261
27172889697813863
50253684926895797
4928337056561475835
397102626681867279
218857538614776
96862467917127964
2498575077897824057
6232898907489758230
3518268561646430
9949026227139556
361281002917487185
119717398390597
01815558838474044
823832733198289229
1456096061983625637
643741122780727
7059316121101321444
41286501273861266
92470811913470733
740175141847228321
28644757176248827
908063416254010
3915532570608323617
826982808490963927
2484984324945499546
0919780878226178
1207885729260703
28218847800222300
3146455922736277
48208798096464845
0991545213602455
01253816809659065
59726034125062179
1559117250100847
298569094252920
0978107774278365
149162707511811346
071018693710659879
483884857413016
035862481098895
893969165627830
065072531524314269
7463257685308266943
737530720866450
228498971823773202
611120153269689287
95540045303504671
36454662772593632
9322365357228651883
018939379009611521
4235189479499632
290152412688171283
373254681490526
9340919714409052
11607917707566907
444874895432932317
3345990288432333228
975064330707245630
78289061683921583
397924665231186
4096723905649179146
02961095026210362
6010614676726144
5057174746724059273
2120115138805895131
717035225364933051
9715515639745576970
9947153585569598
47352333499145008
822479085983812
6769430511170383
685280237391225316
425482501743365
021255358819766487
208466931823572
1198937579383322811
591347385610756357
52221599693077980
5046016969457883
23056837640103863
302041693568449
9063282685450531
7813443037646901
62056931796448007
304853568330510226
397926879799136010
09173454305284459
106726781090967
28375842921699394
401796701093496290
661793602115636240
4514169584845621491
26789119296249769
627935510956841
923847743916454121
9721622970984264
6136234041768137
20289317551623069
7450676533923491
24300246520551466
0083922238643898
317564296773136
34778447550970490
97059258799660782
8869109108615100
251326796192842707
50088487105542952
453265526247340
678924447670199195
616084173791912139
836460547214497
671530762175161
08487001765094739
09263616130841368
17007207098883706
79095260690411957
99098158780185963
834550158537409
320940618135268593
0934281594196579875
660633504477125
029514387308404139
039974204254730
875209229923749946
981211137990003
4017187242849821096
1837834354409536
92231402010767847
0707441494935451
2511971293067044542
44194030170897270
82231579376558600
9587853544186954
9944349166603158043
35161500493397726
92713006649567017
2483527110850121938
8092187632757718945
51127212685209937
14233025293182890
2216547800182556
4533172757210700
631625551361321113
716476791315910
03835863795010392
196957436924824540
229095734236386818
49287569503275526
66912496890955406
14156048016526892
4340739224021239624
9921718031836364
65640053408971767
4156931826560145
5710249654467173114
4484069020504242
990221546942033
637776925126544514
019543390338157497
67634212086794093
949409318225830
1377210619047483924
281741648985540139
01460092679229091
0191209222719879782
5596386338168412103
6041286792162611153
910465109330095171
7545152514342828847
26774616185581394
8474881238970797
99647021013292009
17053259017263955
2126976731582029
385845190800602443
984290204619956
589447490662697
4290988034213998371
42465757643260272
825279480637339
9017123148610602319
1111874061154073048
7025310992992794
940139496154291
019503018083395858
282624353057314789
96522990419445007
820118679685372191
666079975526469410
66016697849420151
528548200817357
87885454009711242
063677677689382
4200262279158764
1775791428550941
0191259240563032580
393229198890093542
9050557836943337336
375490449847738
4364780612745878
021074364769525
36932350061111087
863806640868766668
1770332177999297423
55417931702560881
951312298861614594
754023229195985525
25099787609857955
851729024246387489
3393808614348418672
325116106754534350
1895516107440554359
688126998616914
666332247924118
3405498986135913134
52731495449295753
6184312365764672
68153318489379463
5913216540179872
4713912816546576553
12271964537951125
1245836591494481
082128531023533308
5736806347999939462
7201223558670194
5595137810275865144
427663349073673
6111593416295758
35564854457002676
01027907519918989
796024562042707
1636361229300747
96347472555102297
9250797462269723
749472766272442
59304974185636666
9375376668887926113
32829980249841118
735401770811361976
0863327796917767632
14197778887956575
3142792800671208690
440048127635237170
1999936231686458
064675411599259
9341875611682585
8585133111137210
004382817047117
983695086835607
320634835673978
032146846161742
9291547009446077778
3688550637148955386
6251116478149250
612186641638759
687505350561727
986611206662754222
6280737933387610327
0587398782694185928
92917045379787836
811838367666246970
257213273006968565
429639895022230149
3097781669764717
35529751682390017
6441707532727408
2782394311521006013
695321324636737
5700186959483850024
902973907459720
8689113332843275480
2407697529703882
85962308245073173
924963949612414424
109396509849090210
434579142537080
5063521809363911
0663031211355049376
2252418702959202
430126160775628235
086452225577260556
503112156443232479
1135835752382562
971366230034586
2948432527495299
273296236662663
285470323764961
450176743409813679
851918473168047
252538811016919492
0288368920548992338
9689103564701670367
169603820778443827
6760515112797776626
525631921689064
323985694876112915
2964546197938542514
144673844809052145
3617419837157038348
473211730917572207
14937680676035567
866231647233030377
43036988044732186
069565814105790
41341335982778372
9178979204228678980
1065715238309653009
711533757617862
238598874670024
82653913964151837
7043296721454000977
13313912925916507
864599397369886763
6220952294123962
039554587939007264
431940301091424
8122891966288092883
5973306088362307591
675844752678483764
805926538716895380
7286305887840862640
5603191797163063312
2148057762923973578
0380193548810489100
76827022651271904
25841953757207501
5284053305718597640
696495163608150976
315299230855845899
239958192311378
64732961011269178
89389056628990967
096320049341592004
390094232761497
4988040875629267652
065559615878306540
025922353723222747
239996052598834
57010868747895584
0030318328556377
940463704657438694
527865243993387032
101175722932510208
92871199841889948
403295376345046
5731896329055351
6492538280695830
2746272333467447250
045173729852621974
1447728539440099
795590029053640
722718111922739359
0631638490638941
492273082102769451
4699035314428034
28374240768369528
260685702636315
123221038424514
8563938604173764565
535136913363273
7348398232914976
1821370349502872
42072004109749598
971040080928257
0155215582574036
600132521838635
8302297898607006757
487240934456972
2842182650663559
57278598751773120
8598443739346336395
2906799648538772
666112415581469053
39542767421436016
6269946532028406
2430857305883973111
832825235042998020
34173075852716111
2633065178216255
205192351329554637
09075557108663244
5236639803243041
550557675216600377
422587208196978104
415417264699846108
558638459106305893
19965356465180001
2020224172818864840
220188302120428766
837217777187316750
785710119318439
050491632533463
6963178236326079
527576492998354349
91815302590590417
8556956941150966658
7834043098565812340
241794923422775
7536027900796125
630791333602812
4614198816121161318
75524836874963310
533799485834607400
4287195389869491349
09478766880721378
160740940653024112
031217006824125421
799085383654492023
069903645894298656
988652153170841
0273013386003571
6730206698907049
39970790932045313
9195464177373738
74069458471165325
384669428444033
724516082879429260
4601576860190239
3877391877858329
238934290943970
591677210263098
2365728668171207591
263858984568926
9079351804753869
85459081737967025
42745351783814813
28425749548747725
447534018673013
48572717894892717
439150961466715
355937103224002341
6281255907782566
2316359089593239686
4379880400279978
4609308222524044980
597441961822247
7948830886270360900
487592351744358
735876015865290541
0637897912507544062
8247141848762488921
0390631188531259482
776422181548109
4126302499088283297
620013303107230781
492939935204573
9128791530767715
82901279194246777
884667336529353
74620237923504832
6798651450126217568
06521377884500667
818266210562538396
3155206627748389675
304543294433539416
35917155445942807
6678572551607036960
0265181109959381
43925171340618297
760481246879960
5793157031688930432
153478499447544
296460232345188
2389348434082267
3527897100718665
31323179704295913
33082876056228761
986760650526306
7581507539733337
2884550498754877
91612131226183381
4926887246354656
5897824235108228094
999432294724451513
5128611007484494
5534192608290468568
7984548170892192
745771434209309200
8264520910386294120
7161250292972787
552252859071151443
122337453143855
399431900884647
806463617591152445
01907162176420948
972218902420908106
29675192418149644
657485439138158715
0057963494773562796
802052280501003321
8136743656515629
8843341311053273
179939696393768330
341010850352438
1352198737118625
616904221831870919
4535167241862281893
5143073357632336
140077012192896547
3001590791302623003
728898942696407107
328988643395861924
6777282405446032
80429590367466238
7982249497270879717
08637959879918740
505564035648860
6369265899297526
6277912888662809945
578892550707905287
709641886370320
4350129939244690348
336990260771499513
2546460755568659
6106433436818944
861089618660456
0152334949734043
102090466402787836
28803439454602306
455198834598204175
073897365628928
82626454812169725
4392914481824296
6985640550703866031
8890667861051251479
5388624925089837
961497949952880522
71036819551521362
27980989105892943
2618541827164330781
888352092084445
2456810133310120
755745599355663
94609254856769727
6599185627965041
176429904149185736
64523318669447101
650777985985197
3472173264903654
453420253690928
0002352202178714063
353063900114383
236228459305569
2937379971869872
169990895217040
576754875354626
44134801593348714
478132739112491
762968568297952
0656675730473320737
35089679678003943
71646698275987211
177086188752980875
176457625689304376
694162465589553871
00286001932739404
94483053877116861
29313442842122268
9842191751586509417
335019658217178366
77038081032874650
098697611948020491
0224411240238520
4000083784437767
3608323688371658335
2617294048923887293
3427412297119040487
03553727267778513
9669179645589887
881857160672281288
5164138051724689
9381047708813693
1612488719436100037
8049730800039291186
93133596112114245
7611194521999979
6003492986176663259
0091943638568468604
76598075039375405
7621376006018917407
0599836278309820972
648363861369085
006824903980022
5703157187284755
5818874388686489506
8968215124232483581
93229811499272330
382589586353471090
410619493341799
8199077252002588
5211569842563658
73041647517433831
717158996945951
54187092335260608
9388211114639205
74776085384001841
29019562052101457
561764784072932831
857956011616759
477191704235138458
9332086575225641
715422385178586421
053714506788721
311801168352484453
5963966969252416
313924807935065166
0919799348409183843
0034194492667829
6518356777497875209
78272614522858926
489395515784737301
58982217435144811
52701714886072165
0862815134043269219
490403348489134284
9323748674180424
844580548419606339
56974839821002904
78318111362268698
4880183935083556982
161322049748422491
6963697409831000090
701912029806335809
1218604838552735
757675867905612
4305875945537549
973327935075363
753283008876985336
325188262528007263
1819990451535480
43553848277092133
955573392428440
52204179962310319
954809100005663
85954563223801254
097340602387288
053664420306888
89396256349766192
68180804791496499
777662891033180058
095144712468364436
50241695207430290
8644107137122344
301416992495032409
3703544071254687767
8273435059443519646
32920049440257467
3221874912549609355
643307978079925
4958207183904125
632544789384960
1782819051963894
428762378542478
9608280477723051111
0309101387249282
34147157056446430
6518973434669382260
0821932631202301942
7795274521946859138
8941160392832866259
8218276569398702992
5409820038300685
43312972968885012
6525261174048555
9262867881336248760
2804551168881673957
288260067093211
343744896935643
95126255207671362
914671665839086
229710825434806009
72378889924649841
31621219940483219
654274702914864681
56419997122394836
0227092703241607750
9386579501195869668
70223835037240369
3572853949440575419
197071646859669
419960525222402609
9214313134395424
9135837497729986
655793481040722235
874388994118023
2210749094773430
739678356708510508
7612077264678116906
2075462239811869
383355931318598
2068819591445933
568818244000828235
101009574396079
538698511943399691
8636386821143894
692278462124152
777073296886304
1004167433865519
4801482062528926
354165228865911827
097384645078940680
38253341547010575
5966088679690998
6882879523635482
9464795989100091
0553143070178027
5100775276554451
9255061029131392
177200315789400341
859462358916980
42694350681223339
336640537098145
056158956133251
371371154786235
425876573748709
4480406019571132
97506673737237297
71846330413132290
7931004323595757672
175003951354273
329330573069388
966250460821549919
581451163158050861
564553192556278
25337525872081777
6495115581999392
971355850334684523
4827331719322062
960450184772286
361561351820100
0252710359437962
165723390664257215
8024066134769737069
676588361457308432
60094647206701493
3625587532707950
043874506400753509
4197175511221185
117867866160439
555694910139254779
8695251053533658613
9828726318240858
0131892666353010536
3481065378004665962
4515719156978160
8175338999131199413
53553966610100357
172901311448225123
5822268385083653
498661277410769668
664163281090514
913757775311091
31919614332400249
8232099660072939075
7316476258811013
3325256644473639661
789237690975615
93372254022408344
0158508028170969132
4909995752582988
25698770058646347
096942823796845405
9225810164461721559
175151982852045744
1048933262488150
061725741480825
73274561150311618
1327741489214128
3684238002726995
757348812482034905
7530467559075082
6535662240944996
8740576720085751
2570119185567528622
47006802902584004
833320652081533
475714759240381
4114926147781756545
0769672951173599080
754485906127817152
7935086192492867
2453475231250460517
2142029523032607365
2666553198110534626
5427361103703451520
29405523264982389
648677751641799677
720915659683859133
32248779079371144
4144211132605329922
836517242474361792
1783107564922276832
170734493261180
1969801396558170534
91217652700516399
318245136857457
4543732946865249991
56363338968153636
0557310188413277
509664868461598
608569150996817
754205756940495262
81913929449449100
4165297640896669
5946376972450816
502117464762769
041897290271740
6631699232172910
3376294230767859411
550566089028277
25458686047836006
5152579741139588814
45112314392373048
862992155631573
427577635656692
252788213683858
6839213634022294
022470094609800
127604529054759746
3852153911340846
39493298313453833
2489483862164290
6225973426960133060
872951946510569754
501687915187077010
014662421011284348
4199408531408705
6227554616133884458
6844897807013173081
597543243868687154
703550672613980
303883364678238327
691048193911855
965614017023497
7244711670787930184
657390667311816
8911306902886149868
25133343285795389
5974005659194176310
893602518759875
103767346954030773
055880781098104
8297891706370521
098010173322721276
03674259485993495
701482689072749847
450084916860426238
0245306440322041
9450489399943405622
2628166484960020724
54689264948325055
630869087622823
173426563304409
401725930538275
9728749358323975757
6056263122014987
9285951896624982431
7752439558548921
010224890455995
702184762537032
82408599084585031
2067369001827175
247084248155735058
465417545098888247
239145682267488
4790980734834286
3187898611511010366
1991928125034975
1878177838716745
545076477386410064
7656502946423823307
000856504706802551
53428724878057820
644179151261444
708349450953327813
4851661265092044
3786119711571978337
625956806294000
889759250038435
5730953535299468
385539711038703
7098595519171056673
8872700116975764580
6972965094095709
034316526110778
978520177146616888
053792119419728152
432937087417971857
84439947289994614
15750422715003016
3652156130013627
5914947052151419272
50031223140552493
557992755289052
91577176107843116
845504920359041
941586620197660
0983446627494297292
64837962738161166
5535089178205156695
6663457094511096858
951127217990933822
68460517159996308
7407678059000434
733713265930803
55159333235645092
1918014297933931
9650182965409064
9899681828959117466
497014577029635508
737454220439578
061080841123297
4881221221384433
85022586630643616
2659437537459720580
9985563661080632
3390229412538106985
7699259321979073
1691119704108762035
31280704240057312
295795665459778
1922026979250735644
8587012380611944907
655735803702140
847165524477498091
464008680849591
594887737864886673
531963791701417387
31871446352810352
693729392642661797
76474050901387493
31066603916891972
900735918034348895
3746809172269574
363036707617379559
9768920297040882957
072529185542522046
4879467568413460170
3284947428625897
310263816191807524
425339673136235563
7307704991473591631
337585093500645812
306705330462949536
4261557770532686
2554772845087669054
9239266625221699
4069451212010429
0438977405859534472
0791251399613306
116780689398214
252965881928525
03405228769261292
972139392628818074
814609975359827474
9391824369578232
4675824390946938051
47857831231516112
97161065711411927
158165181285946
32246103365394417
277317246550672
7652577435580543
248463251936409327
5783680535475172
675338502892308544
6278794733617518
6502279422782086
6712766588357705
3850260764729336
15153806867776415
99113565777232220
1493402486824752378
63801158883190328
7011412103257263
5882574308535607
871904092478775
51985749004247616
01588121378496563
5766062106902508
63258428328981367
4624349969920650
44499238131392298
922554254722213
362845146004430
73162992725335356
353295720394429575
5035709000955728910
296493212482243657
6944732543673712140
600772917126364
24511522401748503
0352266068197672842
403397853135253
891795896694049
974173538387067865
00442692077119052
36234134488248965
1346553669672443446
589656635010986745
51099489195410943
367904986369115822
01914458449292154
87278560305272856
5614836814701525819
5801154527278092
395039721221375
435068161000127
437555355909713361
797939756507797318
7478246119681094
10362308877581508
3142417028590182354
96935155009783321
2680769270416547794
694870957719544
921869340077275974
104006120947744
4531229735887378926
170131077927881
1277722368201560
435287471637865
0886639598844752
0091165262420604646
2071748552346649
1556449953360531085
484816051359890
2139320140827603
3911475498119356
676819490497034712
256924185186075
29238029642307058
45597765476054673
936706229809141
768051467210163935
0500183844261529251
107267459534906561
7287080924510610143
86019934219810211
4953973471766396540
939427718598341
5251173085418533
75132761979381267
45949058245258100
7088474256101517
9097837313037626244
6709717328616294836
5492925737008334
477312087061301
058595234578538627
00451855337877458
0674900179270662
718279303939614
9100280592420649942
202625281947596306
896687860003996918
9472864090533986
1020505798249362
848607117927755836
34780579424276767
9452742529741350
004401244131459530
294359456947365
5014181541474333836
4280794647130325
533567474440225507
6887688265984612548
8021216104075089598
242827333295412715
894798480841891112
505941075438422716
8395460141600375
1846520223651102503
44525115187073400
92037512399354108
2571434063722040493
896853120582448
9841647462484753
157591932816722
129017990133815
2536312501620690735
973308896313373486
6902839779645322
234215345904862293
74664979747586431
971488351639034
4401439520953329568
7712700392990671
7588315782030001
5494871876459449451
483362004268587136
9856449257834034
5417469042351043
9832951164156585527
738501130644242
0534324291207331
25774876436454629
1181318037359915
601018083558642
8679500386478443841
1117563609947973
735565044651717082
00216211317363750
4280303764787027
4771943879293280896
9057784586929932
617531408179185965
70274573584762001
0544003956679824910
28034401662216437
652493588800783
3178133170752297162
1126619156762266777
4720376347250041
63022942997100215
11195356442691450
639372244799127
73792433119675523
0697634520643360731
796990983319228
79151945823505847
8986718851053712271
540649468466301
039782574028784210
571851107144889690
611119311195117539
925959231092692
22069151000871734
724217244453876
1618938248193848
012262186718506545
5139936872026359869
054638564286465
432786228706579716
572914704983368
9590931781996685906
02865182265958520
658593458336418
93569959291443696
22340702303711997
7179181025731224
7601181098401319
171074599081156
7717656077991226757
442970124435783100
398447221490615
8326195847794695
2794442472188074
8984441855763166369
217876853580426
747231168804938100
365672654784902
866531183163054641
5506753801744856
640383476364022
5851039686283200681
6458063890438368509
663944598842218
3887336145364678
156092274404156178
80404307852862648
605599670289919806
940918470794546
360577977007791325
35326480401199223
306785575725850
556521874755460401
8583663222163084464
901820786540605377
882110367107033
202656809229090
70323804562971749
2736623832384017
7569764549539024
935481713013939909
401466849800990880
604606486855655
57029397634708938
6981198906244868
426385606620451
354710662621072354
8284135645271586868
8610112264638569318
2869520887676573
76114089585152645
63298331542596073
5301702868459303753
3649858042712077413
8616997288809313
451023641526710
506953425467128705
6597392699344818896
15619888563972632
8786494472020615
60828852033526063
349120576862408
343644043382712
6181096103644655
0654408541067459
408999662814509
884338964800372666
15638069929781568
376614040147461359
9732418191038298443
1500466837682699099
27203321168689780
4653734011801981661
736202744745416837
82196253298312896
8786533141056027847
518138305087650578
90197842237263205
6977617951663729
25372726888674989
30588726466685656
673633882860317
30012013265097080
544016824896260
37680272884739323
851145147438560242
61323578964834458
8609345931885181313
791223929226941389
721778103351608148
400834901357111
355283581773519834
77105165566994670
1233239431186515753
081318626942145
0170515768277649132
22495871386634332
4412900260936980
4496012490337610
3561722565385604111
133628354167011053
266040196502595
5569600753184605713
5579435205771476
8642162554196675
09260492355391235
6296513423044861246
4883683563137228
6321229948796006
5555040689364489984
4939448396681128406
795493526959456294
1880698517804105
0216324373153541827
077145567731766
99505158616853214
2464219364857161
811022773544077404
1638808533038513553
0596151589721678
6061848772358660965
79282660276926600
332167403226312945
140446318526075
6052343518759839
172235785158450888
6204554176493595
937227164706658761
5080227616657494
2499203751779088
86187022399320878
010400747721183
7811102927899373114
9087920625474244217
2554877735494998
5948744536172494987
285497315213763
920655288997973739
4850071362620799692
395639900226668
881539722852928
76527111707842029
580002830869955264
08105156985086876
581275340438737857
130906957372182208
57590215939530860
822207484742381036
052051534404713616
6612683912471293747
6767763959956442
2945677917999359
2623273887927148866
5846232430821333360
4737554259943575
2864622228344518
4627318909299465845
415971895864273128
157102986463785806
03403953977115204
421202550800420765
343497910481283
177486953742944
239093730012811242
534500600101315049
0627719348684877463
1723183521710793882
1957055595923367745
45566725697615139
231430958704989
3281498516092376
512827785586610
37363629893308116
3204198988705214740
840519044670051446
64270346064100197
590093473578188
54547429738792909
091386128998725295
825361575595811689
5192698543647327
838567783285640001
77109941095303018
5588658148499726
11790477483484391
787823283508445
075223159257978402
733981793718730486
2047240925114577
997658551954618
9907587425133593348
308751759749881677
373309547860550059
1425580194077554
75821534810516407
2187393187020779693
95839408690322284
25098223038554941
6144313237414494627
814997824594366
2176672084121603
165766673556552
84426044904895686
6922504632675222623
2875576645619162742
0487500796413558
4808384276400121592
396329704188769
199452028024840
63471091072915228
7567754568653294
78775205410337477
53663071842538449
6503626272087377545
011720386433815279
8955226202781592
248893389683344
237528586144463
313345587380743946
3765145438040210
425749241578107
909013692000683
638364703463232943
565511108222785
3616240602203485218
93204051196913329
8703908424817042309
117563675121440639
6907189020734405
8854849745210430
919773694215188
188000883132737
58004031767542527
804571613169071
7576866788932505
660575301947558
8731825474048202
40629170024173968
339997823867787833
3882406760281821441
9020408705497337250
742515464803879739
3877775567997478437
217554922491685
91639261507196085
5723114774684968
422942639304866092
859573621090748
187108895683164
894120738669275697
70960707569797782
358906632396496
9191375906691117158
55065931851403387
078983508954513
495127346060452
24827569386567757
640284206110151
918419237404672532
599512630424201
798798701609623650
377452884018742
00619079213835138
3431368308792660513
6827555558439765486
112091641993276
873507922731071
25645126201340988
4095016621178599
377981268084314
216527907002871386
046862282800804
07866624778719317
222753464240235
821554659636362
3343139014208675
053818948381185
9647276642667763882
2525432384836974
4926081163033903373
907886081139173
90674357642384565
0660537675759506
5046413827144973776
5321751654862386
9557236382521626844
852486897521005
3607810215002132
195694361811483
467898580043063
71467220974008169
261020792021925292
73903748994828638
5360485106772880
28503259999160575
71625020844932616
145464435232437
37247828263336848
4198432060892817
9338488809836549
540012472072665
29865629517982484
4455741800312464785
2668074302860046875
4440948867849003744
69513013898605363
40789396997609723
769123557914840439
25238374448518807
952443724266905894
8966613200565754970
3290664995338437218
4861116758936666
34411688525076227
4140556703720680688
039592035144185
3433097322597265
930390070758652066
195551840525463
68725981262630031
17313036138433544
110315158103548
8082239542246715
65291430413619907
792642619324073
72555547348723892
38661638454153142
0813202928333868023
563402325870878239
090218009638689
4608600852408103798
081207997811957
276462457593265
446892684617287678
082348476443214
46612205380126927
93035253295439776
2157551991575878319
747673956841392
5622573456900463
521600403629076
3195598165212385
4543580705708774
4305731020662597
919131917625048079
4593941968785289
452586927874593
78073737520115298
7489850122253318037
83551135407338038
8416868099784431
2535552357061388
035059422736198
7364580490984223129
4536475188870120402
2165010576649967
053040332610307
225777856776911537
264302495290458
6248865037481368
4987635571617624
679675592106173337
85812204893672886
4062252339264928493
643979790052372
3817204272212863
985308461349381
805809987063970756
60596352662066705
34319253735392661
0289658770809785
4553794302068873
181591915782978104
913173662396330
307046983418276245
644356445264371
26559786011441488
2772217634173719
683938105930760
579008623175780
41822970309717864
1228073417319042399
8400652093099223
86242205393018616
2857997828617777314
186739074076059790
91257898599715450
225918108747535
6112147744580802
2031107371163210103
6852128835050311
2704533868590422
7019367022948062764
021306879145471093
77849785524396711
87186881250845534
013562919236474
6055912016252865
593582687317105463
3989912381904477372
418539303099066
4844435748789434401
8027942749695782
097895975417266
8270925529671223653
406105538861668547
993000334524117440
5343065342462989254
541501577445933
104189124078506526
5594553254163514117
6204581168270873
884509470946502
359092037709662
717294515069107
451943401035577
284428811974685
8193979618715772
94991281168813760
17877579995264017
697867162285905119
005503708395590004
5841233494912854933
317725916346490245
7373087950668684
179720743816938071
0916753468532007
229087796350708301
531284346679691
6528131320353980
184378325539842299
968529645305649266
1768316796857180262
8526856812336954252
9510826011818429
62333263884397405
0380088926651330983
41645822312637180
3035666104888553
963799809294191
938356697765641105
3694256816283933
681272196986753514
059629555135550036
9514342434864835
132692078866334
662327848827689
027883181522738
394778261126210192
268183605983430849
0166232940419904
2269632570003930392
3792655463277542
64257431063613448
2458324714035961
058491493510580640
912713619864120
0824189890823266
190132979305468
47598462357251820
674123655301026829
0485184123838884813
799881737990012119
115575999448109
1787127466911329
9549920471992685
319364459631870678
4314229313610330
9227011245863031192
1846023563114858
236436169909273943
953577725645998740
9266496763370724278
143952634227359
01925467275960207
9871630985248981307
8949567529176879
159266207693708702
915744330232649395
7594759040401057422
9718220071942109
25117960650505123
5968354284116880819
1747464326312780002
24904873036675659
36510474260653512
8630016792099733
8772347743083529
4598768885939488
2808345802937372124
6827128427031893
48933755656495699
4507675976452227096
7048825284534300212
9246013280410964515
6060912023800060
3604695728245437359
473087329446113
016535180148225
79711487537711182
3354263016222482102
28973939598918299
4771998416434073
8529484642440683
1158095222498834
5141663860004510970
4566951655761291
6901304309394875234
5003245661893474383
2542350212504132785
2483140130533874501
652304339134765
4035050740579701
5561870700395488833
870123801998697783
836079704121481
409278141616937205
427761923331543589
42001725298505594
448695074700734
7349718551252743
444621897192268071
064763976387954289
969233642892473528
2780515407904810
947675064223293
6153095585851235709
965831462156543
7841478163583232529
9608193126329455333
93399066380177414
41162988036844432
07994868973189706
2925481892322808045
8138510655366208
57444090787178421
0153478575755839149
152624965131127
75032415725747865
7270990257124602718
13507211460776972
5537719448828832240
5398882696696416553
80597873442841919
6845157778204214257
1092378836930153
119937790962545
663252236641744803
2206186061387313328
4198696572637348
3048366412013297
3796663829978428
41250306134698127
77468746457382948
230626235290946
23102519633572089
129805139632815543
6113638221796566
92241804529180767
108008818849733
371851973547241
761653040711489
1370439534167510
021616499259694
21631758153352641
5332611494028589
35955918018555992
40119665962237425
3092269824631907454
1591905412275062465
62935248585163002
9598547227287891
339110774859810
8736367139361218
6691863805164883906
013240363484733
387978923996954
2322244605944489
61164956373572761
5873876244068001800
875594948880177271
4162098967362040
79090625423622235
84476602240013333
2929746181544805
7394647074693329
5839369815409350252
6115632290234428662
0458227900204395
711282513224394
870683359883609559
168864526384829759
15925049918953026
95119036970343325
2226838161035957206
046096574176267
084074913369415393
168539180564885
325397084630764051
8220562391615675
085398653593944
216528196701208
749826140784038491
6159773505890969
607486160710255350
290224961935736728
3326680167068358451
70113532915108046
5348384463585590
74255093885838055
9734263814980067178
4437386424953803561
86727680321055558
073988815999568917
405348365850353968
0556099274657765
06645144545784213
828352611891911064
464023833670827947
7052204219625376678
5960452597286382
38778352484406280
91578040293358177
004134922005692
672295850234792
531377900530292
447959013971360358
547845858688310974
55446250311947633
554527676238385
9526545978879295
987343562281482522
994943164248749446
9280707200278519
342034288328009
846048094443176373
5335980920519396232
8275762714458065246
262103520037333
970823216551915
814741915845222
2782888375756440
74635321133881082
9175889448529115
32342229182810946
241913737581649583
802044779783803
769157957869027
8399562539615751
0825525919422376
41725883448882513
5071365811146657
0480829912110210529
606729255826732078
8973039817740444
31714277386800968
5042076084444334529
0539474488446270678
172302426744808
9188439359263707
4232076826451845
04285096738186911
9637684542175816
7318313642287089102
5057545509577665
1535923106090187
399260771749587
06050735906549001
38864784317425737
9602478336634068
76251644266965496
25838573388225716
20160844838707184
4073283578680568707
3898777175757874876
0418404709862231
282780866386284
07052833139575127
8738819397446411
647378659129602339
508774775420881652
2992828509583129123
6389075711237539881
4206055671642785478
54418324062214053
071194600003033956
543996087227599972
8974854938039803
1637334324776036
1636565986331930013
033706836416004
597770919863653347
0320716054483020909
47736710976117014
114560267335738
6297749691102459
235087696465175
9764450810158377
8380923882552899
7375880191902586954
084858387290597840
098884636148722
50276300414684129
9384373773538571
710985638704990
49096131537337534
6778786304656449
93053453546792933
6567133404342476665
4672326368167810292
9642990375510635209
65652828859890386
40192097195169278
7297241440628391390
54144403070295412
303264051907158830
701639273135611
73581822586569871
2394364551529658278
4641171055883255655
4574197723534177
4837792751153954
39525027580615303
877160307254220
157990126414828
19629444895538275
95918143657480995
0135518765699910
030448846898830
3588058603946308
6012475713070386
193439990963870
699232262265591668
9255558923433648
529904603569884042
04224606217130785
418679585953319
03192012161754183
401842769950794
7992585884100370798
2822785589563543
1213171264279422
503508738202488885
0579046837697087586
239424919912769549
634174671283554568
571419655183442204
061244650001944
4698646082442653
673398392377612
240916136050284677
7441872207712093933
0673325440310510952
31501688967572674
8546533761960895698
7616834405887310
3471630259183396300
91376839054527438
44040047257665902
3864746311728781610
358577368745519
12006883651197963
707777474932435
377267230684604
385356418594797403
882065730978189284
2769432068632200454
2977567603842405069
271101435049796
65589014182959345
945472160553468
7797144566069724917
402768750005812415
52270705158703041
017296414825783889
46535421297760514
57671217934370576
22053325239076959
178924964267250
680797026134378028
2583388922116176
7410825613441407
7141515632767721
0774489269697558
57437045123799719
9484687370630664
59802283723453135
75623907266275773
5873408953656895882
388195014662790
771431823098547
304993763490861919
3931035488793429061
8903135575222652020
879864021811907
5560764158870173
338693701484768098
0847450146019666
34259865173967832
0587497446835457
2548291240980839891
04911246641192326
370717431746962051
8856862230581413429
14177698455871834
03072907509669318
339975832789886
8208213131327074864
455468014016827157
4837644507819252221
678215844078556365
3591853501285323
711758113152842
921148521594582986
3621755912858650
7598338293231289
944000245883624
4748820705764730
728174676026691763
683092160900446610
36772977643650274
6551168168395225156
554370303499158
479089794958602
3066190472407224218
022187429035031561
240925926019071243
6079382448438014
3541633641260337792
3002451276772577335
93881789404505748
933908605770378
10777663110687429
830006034746607003
621288127315855677
0957241998928985
35293551411365720
4953705803491603116
40292199518353389
2988920473593668
551692881426859642
015146475928321961
385364668110409928
2128678470112540363
52375568300117920
102138878779313157
61499237895828840
7541442785900154216
4825763367431213848
972402607916398327
066018108824013987
0692001762210939714
2970473827288925532
63173401845092609
97255726453327027
8635859351084827
3506473785074539
6604646230930661152
4887153038757445292
4452286310101631
2353542668477630981
7167986987144058041
658230990370281
970734532263053687
7844149181069624896
4647123145966184911
8278764681906673
3961370155033981498
710276071717756
1430657920004814
6082054310467561668
439836304157177692
1165692541509466072
1529950268090274
475386721845798
413619923205359625
0369582614229322134
17446131986250023
4820907646770013
9442610394815424570
392485515751878431
04202841213541509
370647220287344915
4750798239288414070
593404171306704
657700814740443
517750721159311098
289993938818036
672749870926877978
520667897036481
08913903770390269
9780834275250875
7852840734938593459
4340800462305717
223433609969370274
8974338138952717416
6881426681043313
5922006088519318
266352722021170948
3947292956052974307
833732359327987
86696349439458084
540172904040604451
645270818617777234
531876509204878827
725888607640418649
23665978426930648
18598119212122859
9998175694025556
6665197168394336005
062091624699954555
2981471972502989145
3366508514155350838
3701909480021760
051612865237284152
445578754705195386
21993410661015296
5031804114297777
95239204221888488
69680678969317375
736027342463542894
329519166548675
08224476292934650
95912933297444613
210208388173834
69330897413666367
218695437068373846
245064552704076
5191757928158393
065593205689660737
508929746520366
6724723482808510828
2379312837691418
340784097117416310
761729386840910067
134396655658282
509295665184633691
845232774008396
4988470947421111687
4159720730046306454
7867108738625212293
6078463126502572
62659807797725326
7000099020794971
990698700802446
8510860389892153337
7493677933280288507
732036048557451554
2145917986760600
17795282624840686
0914356497076513
794982046785078110
62035004788198511
24760008747651347
53537960777834515
9616111023244186
4522075564807606463
2574074467201190
316449292157805
985843760591403523
28140205689143848
314853149730367
580717055694769518
17500044656111668
070418398540104
894085021307661
8261050881977677
786083385454122
032402672133888100
956216137727058
8126914870072946
91419284577777830
2038456494792607
599850444512242510
8551885373120171
685356297858562005
40311614910743059
718716931768777191
8452800564405376
4629427135858795055
6533687523353643814
095448952656139
9419180688688238490
0057971998034477592
241502612448048
243231132484456964
68554969939533487
719771826539001105
0054481280364337
30047315430897807
983467451199221
066921501177793
2957280770402532947
0063860769979799
96594175072131112
378445695082650
92514732396554816
62010570622181873
5271184519058405112
673984416601050
7361371203966682
36546756028755958
5029190851420990
411645578728639722
12068721902947130
040452350338787489
3220223142855708
265285053839731664
391629002984711776
6539430556198111
9528701319714200002
6635347755426325824
471068612941745
72414341403077885
6018016976074640
546267843179185
44934553485149568
8862723395048353
092670391400574142
558666818358093882
829390721907234756
1593079372544013
1173245229879293351
03979683653779368
9362626186447826
464714661549196
35114977657405337
7725974218382387523
3094740481324899051
166792677682846839
0916745766480736
330293949090308490
91251960202553127
2942964410113943616
905292852980915
175566734023295737
591499428399532
8934696384888398212
409649011458601
553059148760721
362325440542659737
8021704327432506
1706888296800812558
9754857064326544694
902229735964063575
4905171820459566
4833815071828679
6805732782598842
55033018468573910
901362729659681463
05403600889661288
6888385289898532
7651532170067665
5704853755399206384
0478055963007149
45884132794740185
282840092065184
97648076127865340
5513855119506945
2438319800805437904
519684421181187838
6242458378781271
83263184381662869
8337465477933036
162145086457188
952614334113487
725837043625601
391535511167431
4007974268751287
9915227294068052
724638696842353518
6186660996472878
62145001619153676
1287259172008660290
844434567418647394
88009933153524618
5690089653205987
6124427609353654984
2258207007882742
899768189642007895
8551483575689716288
3200350314597497
668097683800845165
58274180717564964
0554532603642730058
6789444642995643
751689337468080078
849252505540933151
486298062309236
704913566462923
0901126611644983
3617529963896311863
3521814180849651
570665954873368
9704262545897687
2647474845479901994
940763377214933
664612013811237
582556571399591
6374867419738159070
196044636593711
5253106253336781
193614493389505
288126128219865389
42512010814563276
6314613993285783355
565133304190463477
341345103715448
0342975909109479
1953784213697354726
339541162513907034
82154072933216145
914386580895683193
0813807326502067988
55034454153987179
7347013955937802
623780081025562
702037144644898
0507469752882093
005075222350925660
9486580993289874
001506158595516
5968160324342247
4057775644621393034
4561662989205572919
40876036402123598
065718123653367410
659472670371921015
854604492653733
3582297822880540122
10000716876511623
94049282397898047
2958471970295037
87097764995898726
7090694515492746470
144769635187761732
961358253478326067
77128448721326624
823670589392772
563709147025524384
3268376911220154489
084475722743221539
5411663621596960833
247340423199931
21652184184250052
14713201158305628
20575355491817653
5875477278849885
062254675623589
073558181343091
4599538717004600
6071495959943437
097362503260963849
2152319584563144
107873364091501
991115433289810016
58889573339496208
9641126020947332206
9999402108372565268
347443385663129
902900634748435768
95759293834609377
33922784329859181
106656439324272559
6091674533499337
087901876255020
53757811923386415
02337674352006005
9588499865676454
3596332635406681
601772442568922
3632705802643068
86795365775751441
068755479157916
820642420391721
46433953020775307
0603057456640167793
8675792662675364
4550263515593908
7497508273660934852
9230060797143369585
3717782832173460
205823988443576
219088355919729
7858778637958109418
512014269448874
346812731563143367
9221153072043307087
50709641385722519
4869374810341515
549783683858419862
364191168670104149
505427496119362857
566253379848636616
564900412948060
659773721417990071
0546038854156045254
601178110741071
3324265736023490956
461137729083433
40351874992310499
615922761831481
4322790390463648622
503754848243139512
9623194472167417
30055314851366481
142219554629789
24031579799410269
239759177079458
41253963366737225
880113608410721
92565391550839597
4237433668675491871
3092561326552950
8248124378477758881
14968687712858746
6098442464238423505
01182941616961272
0935093025522153
2765897444674577574
509464146473557
0682992320664522
282950735813693
65874430558256569
671130004956550426
62412531581493891
7257763903767763599
9643682117678251
710420014038531667
6758151373381005
4495860405312705
0411502195182063266
17962230885238430
6943400649819424786
3379548640318082
22089742460426579
634613117402550682
168258468591830
47985667013676151
0299265753993290
78325403307531816
2328337741364957
9530724386823359178
3659533731236793188
7922018468099442062
9113630848298034783
3599766888197353751
4425993561121219
431802173513283
54049095210204999
6893645243252777
328973577889546
163446597827408
3336905260017655061
18230575165653567
2984800981234502622
340359954063308753
1166597587277055
779444045177093
86077655194714707
0699799654762353526
7938840959387947
4568715227380123865
4957677728016958
8464246571329913686
969408981352712
363688185354980
01204775816706460
149282385342383759
913923529537659570
375620964457544416
179690645093571
6485654658580191125
101955810808777092
957643517819022319
471115912571360
467411881825223181
929861395733822630
737363767450014251
919755846715408
9530877489084166
330617069889238
457890909304955
05708734211123490
88279316069458660
89311634433537523
2626527685661195357
8119171920183768872
740603179582130
257753911897744
214060357896768
88456419991147713
25078591857508605
3909932788521334
648670060659671277
820495625762071
8731012393494425
387983495441010472
53798462111409621
43739809304356080
9885683193743140
8237602626267174
0054707601519734810
2235276042719529
6360580443097529
40607934464080197
282104335132585787
726610877673156
0186470940380498490
95843025176738349
0448040498691761
15882403757259659
830905996254485996
248569873141924366
264420067751253
1614078407480468
6927304945532659275
2931097969481047
501112271285721920
279836833993847
5639155575183472012
121774865588739
76123778326998068
0045956981337682052
956997105262957
6684380334872032
3986305062341181
5415007069027498264
23544785297231612
550364970231391786
5452131985209969
4310249612095643
691807970164560182
3925934806810160
965676185770804083
5583210534924993
8553498093180593740
4297609837970079
8933025032810756
8712508972585925653
543267793444299974
030508887960343
5611085034828684
436665101719405704
967961652912915
5774316353202563
29855573867394138
53165246411016674
4748869555525566000
093965554896885539
6409301041424759
5293115669837458708
229840945440985875
981198484097672176
7840862081574177997
4185339611042615
254993216304325
0215993050990829788
1218867435998842
1372207483719979872
111165609196001
679510557046030
3110676199336904
553825902369154
7423948942613827135
685315118033837171
1935569378150659089
155262556201017
8533273928549163511
482410977309689
6705736766222594026
9214635534233673
2905793643319918347
560050827931609
2913108524495567906
776359732794300
4089633806345210541
3297393949868357
8740836321776070
0321254794149847551
902171032779170
5276540793150986
77572353728927284
34353300053950944
3816246797634297
766241799187447
9320197136934083
974027027925105
701912576185321
00425165437465067
91801250435580359
864895654799678007
5331302770603214
41684263302145947
513693366249971790
2033389549105898
38423529157843069
67858013853608873
757321140435445074
550858712153589
8071090028238643
629045911659556
047188841827141
673317546607211
7772490946494810912
281274595108560
82467382743459081
96476513231483539
8227462358170988
2059117725528719899
2650763679055361576
06474925451087353
928260262668414056
872084861526426445
378191055271116614
7015890737268876
742613411995192993
2976486724102228
651356265457657
704558613921256
721913632871856
493552242026161
2520840232649184402
31192909759678987
4830909177443571971
094507430987818425
6682885454523295420
6401764278394513192
92309525228775035
84300600093852987
2416729375401583
504402753404246
1633650052774274
8333710156004888
26948040706799949
03378680350152153
3972037650515394202
55022779967841535
643959675748829
236299531389182480
01299963250828540
587891396745966642
6878781176860049733
3512157935682609
0027435030415097569
693090926612711981
609453297282683312
201808812295050
55041826221182098
0346955889346200
3141673911242988
780609172651156548
877828957427149
2373568872150403
7034046550408541
5800253038939828
9284501473338793
531144407651728644
03288381564061314
8935480519329584
645013288446069602
20653006157838162
2877881241759172
425769011765657
875426973229178
63954447482942865
383366832286013
6410526017822121
438636201220301736
226363930723169
96138148629853430
41167044831160769
3950623243919417023
09160899474351161
0267071357463521575
9555491454236419583
670032414858987443
888138327068047
46455001462264050
2305614245808958091
359003112272120
1822857429641900438
503576204242810
3992648030732464014
521643287226023
267322628145795
6234836225929033289
70324351754242075
098879204933576
100390336745502344
1501356915644493
9025253106270745514
873826636537980
69832965492385208
3997372884993333729
9383761262171810
522736393222369707
2692968220964729
4372658906207636719
08025488018529707
982763324455387
309584480702669611
975851627890236
7332166648900441304
00141449331378762
2394492896503377
528112541545391
80228325251237644
83192216077112100
0874037371009638200
50833851031240041
054901725226616
5720499179570975
357004451046884
628789008717502357
0747325940681259530
1432902416540632080
97209970995174539
813864448997287951
74205745574005062
742358413395175166
8560913380931685
422086744942677571
8279219456345470
207263871876434717
6827748893999746
387499816683594
8793611337724538925
8725536861152453222
167963500516575678
2644133416624582
230552602832857
834301586062002824
2858639824538018
3831990391586403
5522231466478864625
1767021990120634769
382119360209843
1762857130514995435
1403242338364280050
18350765904419537
6149634522320391449
287924930083904
962366370422043
8642072168451267289
90161397327576500
4832098017771655
632931435327866348
999999706734070388
6129078066879803
299664358190880
5938176871466273
1559629139282188
27532180026686652
0839092989839880654
087883896375376
36338169281916627
359598751191191
02012039810609752
937756260702521
16684183949104568
062887486943404
535113247625220759
52804674366416361
82926641887331540
7891157095015072
133817149617472
128223427558533
614889798278481224
6670061433232507
6321425965156332
428862302863512160
077027591514321
4850157010538938324
5202723743650115399
055869537594625
078326588443700001
1562735504021859
332637345682217
376354712817464
997047964028323
7037688792194154829
8174495621137272
80915079459644322
674134005221130
9960163879776029853
53114673330135295
371926904576450
744353774561082
2612803580521635
1408785913431983914
3145261570807383
4195094792616252543
0704030653030196
2278031512585377423
189569175945239
539569170007015981
208030507346398544
37457717214132099
671922960239853981
103745460499738877
7677804182753802186
3300560907708192613
705950015227369598
703389958517529366
63780490253280003
5985092715198097739
906817551240468915
499648955366458880
40111331023746346
360422778153632
750150465074158
9414745308270427
96113399290450188
258656155535237098
037608125993035
20445071132594382
489452501518649
1912706397247153
1847728932426825318
681960462066361
63422408483653932
1538853545790958715
1106145906042014
6879391256038982597
5900512856670551029
30166206074747780
531304525628423
1639842693222142
9977946972948277
5660475928980843
5106136008873009
81999768575818564
8706415072281558
6906339086062527
5853272690926558
9674890255393276103
594618783410233
65708846803605849
38087055403374018
287470149587609
696902917612898661
870786570678464554
967412028063321
3892311386807527
460874425041129450
788437577356127282
272254455945344844
04384532275004497
6978926820274449
689395946949005
155551506003728521
8926449876926919
4047081794459184
315328713046789
9160170045107786
27011003777537650
8591156090560821509
804011515472111
2593427357473595
60407457647126345
252156229298632
0806142653864298
479345097041801924
831317256277084
90373564143877536
005108405602886474
4876200435225794147
457071997332903
695315820973231283
7699226469110604609
788309723311024270
2634060476973468216
398371286694398822
714521322445453
471867587895753
9891928423280261
260531219440710
442589297149153
53966409461094276
2237172660201576298
613015235586891
862666319163354970
030065023750377
381054153558074626
5839101339495005724
009283579529052
66746666295733256
2882542161175475899
480172181083491
6127518188037304850
5146456614547959047
887905540689807388
2084446263796678516
2053383881632749405
1233374764114120
6967015491571637897
9126214932617114388
1594780274469681
65516154201077081
6025117411370215
934211924215929
203566475651467237
4223888749863219114
04258578754137878
154517232602136937
583701139491481918
4842651385296232
1149645478001924142
86429269900321079
062551830281221
8615062358451260
6078564505315338632
711304999869720
830950665028841327
71491376365607725
161956817955587
733666478635897184
4511215873134678228
171150416186564
7846828537180275
176451475004499921
396577834233463583
57222517900780025
535597758932807529
809086972913159484
2520448341178013853
3876061860442267703
41230085529586158
484658306806505323
390134628751832028
1838615951962296
0146694254968008803
081538623129677
861572501661188896
616939050771319
82025624305119250
87781672456791925
24145953171775628
866715806702192
61262481876440609
761435611977486
849468801050643
09758420412997659
558958994693713571
46273969502722782
8025834391855469
2599580118887981583
630429189556268
5504065359893401385
2668824056841129
6672082366166530862
14959521794700556
86335625354985105
9066228866578565675
70215312922264454
322072915310592243
1821498691038269410
52179099137648192
87647928241855893
158054742544720
41408468620666420
1430695075737878
026755728959564
0219150725908810407
746658635762643
61395086521410275
255800396455918
416324187492973
3537250245793920524
591183515919182585
88390684073285365
763568740155217385
389742960423014068
913658513402276546
354914379019965
638662985284154484
8709971350828159
615112625224355
9279107873851429
0937671110634912
1790831219396009806
304159415473290
67311821733852480
13193074446307831
826171619782814
3685778265269578030
3363076383066254565
762251383998693
6525360182952564
522659356504388783
88057342775886924
77419481737472045
545880776194623207
523796556477685
472900887054249412
547711534071002813
8243772448228634
6337747547437328061
22744072181580070
81578080632403203
631013640253763802
3171802957559267
832870244857668796
870817877927249505
032838453839515
471125004124694012
046881873682540190
969229089553351567
867300855828230
0013836928919282297
02299904198602240
6356709170100917
2032321887647011
5678157354366957
822096043644713149
450186683237758
53140118071970409
29305321287974950
121347523874539125
49833199609917702
216651957261222
601515925169590
91250760119268405
15492838047641936
5118817900890720
00940008747045344
908774457290676790
4620554106392778
828571698672058
555546936143587382
0184843584121893
3969093812985698
20383902265453278
8838821720170705
1765682964698630
205904143199275
852929613552011
228063173606939875
125159384794502218
98611033232997936
93777000266900386
0173221950157814
8965797514923375
4134431956589906566
35775262373082143
673321285520961
984195389929760589
94314507020597941
493647682458631177
7007859486344009382
44460173190588420
6450553235013529
2967351096284897
766451317469017811
6908761195696702876
1978018824720629
176601350612227152
167782901425916288
8935453979694820672
5214492616571799745
249500145225396529
4063028238511363
2596990275992963042
56516466558206229
4680900100600356125
197479039691532496
403609595931422368
972951803749243672
667970131278206979
5178011625992447216
5413744416264674
9641246437462410
66788075348008278
1621649616190029
2793996288086150478
82166558923696635
9143947596944770593
8941757296626836
4912968404807178
610717221606674
7979196423631125065
0705204683582086
6072800050986951
5160188168017081
57273092878414337
453213230448467760
343374032376750
3976587513177388
469941344386817
940888109207252
4884236771418144787
0827031540111994962
5203082775179335
06789550555166527
1658262496969372
652643640571397
4646770374274327
9067368993063253
2532856067007472
8001053435242018
92264798980233368
552668625209566930
016469185598117
63817764488514486
651802970053898579
459495420990534600
94795126171380760
83586511866001849
20478161089860277
17854565373082168
465510707240055
0152241637382728
897593006768147
6773495298738153114
53165911939849401
347939571264966
2233179626367196
022743003677746411
1657180648976641921
897311293324495476
542172653831283884
0860267513495092574
446198444307803
4660281138931778
013694593626328250
606689297345667
0933588120697719480
154644801113409
64287817267238792
524019276448681
317178234293884
1954892232500082
9128195818307813
090862953355067
07300882117159450
7495764224568792913
886016230990337
656597688400654282
2935608080174611068
053745186047151
47878701967374711
7403405647614492032
2253072954444637956
53102020354239201
7047972654939573778
990637328291576674
465976477689181
600321150391059820
24896559739578030
2350344627212505504
416927064717637
253329992999535
404863500458473
8902974987279911539
01652751047725492
7584442539818568
9861893424258552
0641496210262018461
2716400656005335280
261515434915883
5326660803432909665
904543254791943375
941776396394517
145399790509276145
2674356172113365
966230467935445
4757900380413548465
8887778195728715
9166810507448906
0868976327733220236
682112854791524304
02842986958077315
2639922020804353335
628452598775246964
9240262707688802911
16625163491188848
80911309868968407
6973674181040631742
710733716534079
97709169671692307
4356493281814523380
822757455870501
544921448727388708
004260867708501899
002507802836596194
41964717355653078
1517577471486738244
7333465161344995
2551979910734284193
27624809969074773
10370214264869989
4946270394797137986
352088662183746352
932578360064808184
04438006157206470
2650448086512152040
982257904738795662
0208651398220278387
3093285520433205
75186200567891857
420629834884392021
9924772189837472466
2934288924288542
9090181612890433
8863442322809001581
88934473327223033
20715762210746998
23743681375003305
6864731778521069
41786773310728192
23437188801662284
8470914587973247
7546712686906181
76137676052959998
263553592153939051
993649136191154
102242100979290594
2836453417324765
56692177674981598
0700305494985046460
900094577143837958
2277088611547559
234877888132768595
69648909723958861
2128492070855917581
3904758206574987381
058342808053079
321976114651106
1014267565171928373
1653258288996805
2665328609220123
286917128973346
225290874030266
8508641152051843983
29224742029054638
000560095457990059
780145959082052
36898863810800778
6477790527689646
8795991158021652
3164488203332230211
7515810148096891
0813178663032511957
0823860932804005
0007753988290238
901243554258495
558376823195554657
67790837667276829
5371311578149194903
741444000242808642
570401124410605
51051476389398353
037576818624973
0366736445699334
359730471039881
2282338573682107
621758475731543
225420940753657588
6416813635068925
6458162718346779
1223786568904112
10544363278033989
2686894493135340
197576820744093406
922671547864216
441135639278268
4749432405370190
864151493903976
4701220991591214371
5652453376801892978
699747176838269704
888230265870489
767394114545774
347935921989013783
497321384690428546
5684645033970133656
5791650254161077
3651003221591340356
3300710045354356936
85570180024784337
5405789132120568936
699673547073793283
99829642572141649
717154364017655
509931687815549917
8024490855015067606
94809842936089765
03230067897231515
7483607741865423
4558494307395028
448687554297625016
107573493151087
4172063034461686
02927241515878889
4525720184699556
56642200366068986
796611284529367581
70780298516213398
7686300373499736924
788121696131197
551993999011599423
755892167932824
654635759702907950
5196803133302992
10178332649920056
2648107342032903930
1699274667148954526
4980665049253716
7966166123884054
147585554068936
878660822090338
69530913308347782
701301188765965
3096683821206072846
886781310925549
90461916614824513
5510352726171098
2167797216723570
2897688578966092
387376467554371
781936731550599
5021407443802085071
497564855248683258
4264360719282920205
048687315563267
187378871223616
37219847629915928
5967416945933186
90563210127511095
4490223974430518
3177523441926862354
731548261482600179
5262778610955682
649718454699920
3826162361433822424
1234842321707230
474731703445753130
924432064303015
770854894609664
1504685063246565
96823139101782755
785155733455884
7529128146471507943
0641481606140093
637987932920129
49152369903336105
7437433401047927
86797377605484884
805660670976607983
0937729661593772
7584161460726570
121515145891733215
753742309617490827
3362424547940177
2463002954699764563
0466173506189007891
5935401911947868
5375771492730418
150319714425856820
510252997979859
78831243808633789
6507542823125029336
6141332717173289513
0516257302329409211
6863276543983343
0737072605727105
724395052828407182
019441303361945897
38679081548969109
914952627175140996
4296806188649540980
420263383979578
54877824634688724
2716065169722393752
31787194279440796
741050517683955552
4072333665578050528
063457767866753904
5572012390480875098
345401700065158752
5571865563076758
2718177503794082061
2650556898380155821
98172725725343181
5146865462776217
601520462959695150
85717620354308967
688146462442005002
74316689111708412
016080797823090310
6591769385198800
4316766311648976
99604364830969142
767022242511060880
3439656707021077
84223775733177068
351458775895407
63975667187773393
879280145783611
380749750201759
783028587164394011
889894446192059305
384867907514817355
2278884116751133659
42935694910906546
931486726058998527
325063176689349
9001256979852586
0265088552341149
54535643140581730
0280277569236647676
91824547557422865
34353394466801375
64837379124630385
1064619072506693
5153506344051466
970207670827373037
34731318622393068
935213261922286
3686293502410308871
8211059634044296
64718325557518806
17032354106567836
0321117968652634
925856538064862
429032932653357
1922258590477456414
9109930206796771
7863734661555875
6245991779392513455
0088445413093574817
223111526534614560
73862959958098484
219410249857799286
863325039331703261
632815988872282816
440025009049558427
8916909463876716714
8491976723723761535
2110201549201174
4550462439316247613
6980405818152403
192281703080824046
2035725753235906
8957164010331640417
376597284610633197
8295413117799300650
265200826644518
719228044823206
812266718256227848
190418132960328051
8116245442393181170
84232764565141752
900529415153704
41539629466955136
87176991537789309
46463060061913600
282744014281371853
586580772554877016
0685353583380150
3766447549750901
6803192094008890
002842458795457877
0031710324011876482
19768666995409042
0976520958501624027
2572747252110591085
7365984442328885
831741630124222
3716783033302055660
257852522013313
94607597283042457
443498375385335
445767071752454069
8754663714362937259
979526667946042
717388119556388290
27227221141076717
3543498547610614
566614747458099810
226732843658401520
274054854368803
17338306612861004
5479132587555133
4193712071287616
093589936453209
19378602258300178
91463565670632094
167608007842213392
6770993208959803534
48698616278747858
248248049575508620
07011007157764846
6771251184185502973
3855312072366681193
205734311450870136
02466291681820449
515105222070657
76655156781434760
4341221169929641
44592367187219625
44186547127559856
717851904685765
4339887034612701
912283236027714
8923117249775968383
262051143063408
3560550719058670
01984063613951974
97282181672181671
9826762802064782050
109583701580016027
034795258934943806
966017016623562
298304175495472242
474902594038789
6544846618503211452
962401201246662178
83796603661711644
492489775122464
726116290806346
38162779077066537
449683853513942257
3314155137690833812
7523942722066933995
573918595163316973
131447622645495
897052564907043
558950593152183740
114599510194853744
0397864854991139418
519216752183241
596415702423547145
225149688151013
51403928407502384
844028905557183374
0340690043762331
509678547031699844
1714554129882428718
8612263875117827493
2063002170494200042
64158354193521126
959989466121816
0210887380406217
696349894821037
183322978830069112
5493014922756760
714579786009478995
95776023289763903
9991550409636383
632862986973013033
862046978580702853
8034194454872897285
532447469397471
054094849202355
415269164930590190
29102698213193802
345720017411320440
007987401018053
42194961058814301
718407795356512001
1392417538528863793
3342856399745895
488226248926964253
4584825030718386886
2257223820162716
5879387398388573978
99713713132166244
02769867285604605
238491235942507
9271563193461993869
535026112958117
2427879061676881341
763202840890727357
1623547701028736
669879228220563518
4107806060010226925
8524090262169458
894330763488008
6505783550493230
73723249819023960
68743326478115653
3654959051217887
77220214808431687
293190735799219422
8976669495457941
789218162184411
692301543585530
319242812181414358
4478316418710780433
123737900132243
887890037658702244
657681353200999735
18748710655926487
46333030385529078
565628116328664
133202073458971301
1036974766059499
97429045097922977
9671490843046138846
2825675036521766475
2617679637463735
21118488027443322
03029186030918970
8871159352649374782
336213864966267
873949367169419352
1901662434754575221
691982208138810
6301081436821374139
190864888850364
44540371188912523
70400687266419556
01745722570380841
0184486217514330548
310210469359472699
3395748083991377
797249558656635939
0091585421554626352
02380540866856330
3241892860288772
76641083359085468
641797072300447690
1095005469040227
909190266497195
47408231889642456
3412447753782479
9785977447197287983
6079012793905414647
65608412712198222
3538928960243805
6339873157707165
01509951852259972
73115375998925943
24741152662343492
87091919093172636
35379485569912075
759269739014846
798479239644630
125620116692939286
7852094533425738481
603667318080337
35050807453736865
9340161345569696141
7082334419821505
130198289900640
19232820852228435
11903932045035184
1876807648048005002
390325900440715608
2526545948205605
4722639613379379
60769891829421205
1407106085431718
7793797896217121522
622574504214249
432036877324867
2562218155180395489
4712110413662129
5458903627347912
821746478423634
57841148164630255
5369176282737926520
0637594543904830361
3449757883676223
3022503281412910
2788309093165946349
4861312783333886
488840774355971193
603038585562067
74499470904681754
640119787658617171
5052106132798405761
342704089318229
02586361722369077
87583797887942578
59832728031176529
934485977333197
5912739123627211
4630894832691044067
74287200838609297
4848403466652953
470336191258052
501126082955664760
3415767644308938
919818286379820022
83246484408745621
19808687908974082
5054127061436663832
72991556345579737
285957731871993566
721771113563349391
988773789222478
66506252874355763
2981424925092794
201193915620625
594919451518472552
9615676324870795
453195546632351215
893932435729381493
250854833073711390
536147963838098382
79380258726607333
9902392648614385688
374183512038097
7243256778303317
0802178184702747
78366527154148521
9276426192139637
374077718580610876
5075804525101976549
018101714289534412
1230033479093059671
73097774795560014
540473487270439318
140313688886567196
8106028575100667
341181412299518287
40649281977602932
1779242136126075
563995249637728
696938979830618
378223122752449
5343360430491798597
768223804782925
5997565602709059916
48969251167678367
827150374850046430
598050061118358358
3803733163917522
060600654331708749
8050049109800180
1319419216670327614
416464712357814
59586782394248680
092945539372594
64462813638244165
91196895020218624
83773363709126796
644388975024470366
911188274461639613
6145517291317562
650755734209648423
1432360852392663948
474266927830252
1884745283460623
8981079864033035
4330644960102373
620960045025986477
46308228944235852
423213891018005
37699925108765700
1610282377093085152
91260996639736301
98136626264010059
2224081113359734704
5812158845479747
166970695033332934
371695914873023
876125087604904110
97848759399286145
856035977476495811
39742525142744970
779197307805177870
288566089925224
993282856661531
498136279006742107
024285462687922825
558990939132255
8343609941787446609
8431335539565942
150900228518847
1202431278275705
333339384678696757
837118683747802
6843020553897031005
0741899917982277
3461907578529299
1184372942255128186
1383801616710523
299042071671473202
559059420461882
94347461030654316
697443523635645
0110894861334993026
786530138035733
830046683217698274
229828346465513
3053722940121401
80103690493020599
4869609063572408353
948318513103108870
2507829911894614
6093525007571002
0456037111303183596
098219424862480
692896258114483
5150289373998471660
4382004940345336
9337403753116403364
9955765282049519
671114278388538379
69379917656804549
100717947770849842
0067298060693951
652401036889846
475088619143974927
9422157002807935007
04812467641303116
830341100653810
8387938201466028
67704162541905156
591296773826910
397695889619040712
862174658941267028
414146230312026822
0161185155578443059
724014830403933654
890634472764904
483986799919643101
9032458032696629351
461908348584548
993170337417698977
236988875895223350
5327458120600485
40520580705980786
723662404300351318
468541010607918261
557565468360367
529168037174144722
52259016496051498
609501434710757
325894942911203920
8650951121474605
56485207614061091
915745592730927
9443511188807403
264164806982001117
446044219479407696
13555637588947519
026474122455735626
106872829144463
736940053921304893
83460537993085573
834680147446795778
2976367184890002886
576639506576006418
016632567737059951
396899965865524539
38494839946628754
458792830376551835
0469551091190779779
73167479502330928
233020894638362372
2045247519913079
00830209689740724
0349407022580381
8939451028335784
292099806446975
0514544875625584491
402024899936105477
600734040069692
059579504772599954
698671952003511180
2608104182675459
755690295505283438
474500564858960328
470901719375591489
0698091181560233
7857470767615402
207277687866718245
863958769065262
469339438819118
6398384571238112
167930553784419
95498556480763339
57476279830748125
3578400432440076
789371143504570
0343328922728644
06569049869964626
2056602620808133
143029295066355
0189608651462478369
341748716877272659
228307395051747
001473589021796
9225008154812450386
6199205683615515
5825642990598897667
586389844652188384
7870332119880934976
8445191351196461
057809876044145716
1220390982907410
556701240959383
74590958916955009
3423528866282537352
508811922058152
39342931855749963
1801992085936198780
737209189473499
2668639008432742953
420288862839795
576036641840022
53770362849894452
25815313744538836
8869727980124887519
449977725293099
19541843019951621
5092561343003975
285280049412285
18223872028444898
177546022210531
03064240339710611
97043979416914876
275991655404909
542022679326847415
400912970379764666
5970875874312887
6131940531175295795
285343466255375051
5361376828959049805
1444115210001940
77891908662913118
3160719982953747
983334244823508
798099881711433254
66731348129636356
610676185481708680
9786814940461178
9476077867971489
734110518861761689
831271695638494
424113029271336061
96487584249484324
17017432806962267
0067789648553240057
66065665448183221
878996354839136842
326097086008937
13301643695207463
4502418357691247
8551007133275502
1644607484597577
5622448979512215206
2118427869758920
9544495408092129696
2658614319488668907
5408602410734885
5677958597501931
816558823487414870
9736694295171887000
866918801440017
3912423803515901
0275069468137984
31043993965987588
2100503441179101
483634543355245
0262057941573177
695517795623210368
655150463846120244
1530835666252241732
6067905030704981
23184180704471679
055884547093991003
978061489550571
79549814601482011
250286023983482198
4611725518676620664
6010527956587628
844415357384121500
4613616794008630
916166403897575
405471984085012
08026596404018483
12764810170994184
5770915207419870215
5771536453954300916
749440817685649470
360296731965007499
790814695377011
209719985395545
111867758700728
778055329835804278
7838066026541640
202434050807058587
1222147001158733
90722536365999311
0182443916770997
058995968693641
083249861788482020
1589531234704145
3826536915622116314
50068302595722894
2365268223842108
3250415377294371850
943556226558582348
577087997010130
7800908973321394201
546060306799803
7697325994459583
785148237116874440
7703097795466304292
6270542340664713164
003105296436452813
538450490488079899
0289337909063735372
3834063693374070430
4758464802154506166
083316706519678
1616207557069228772
826659800796669530
812113311185863381
3436011140244262
3865076492128860
8434343557710232644
1777238185653469633
470307429462100335
311457888559334139
6166220828213526
4521652922451507
6533034183045917782
6654841256897762021
609017984760042
432514143609400
9161184686043165666
3133034209487738919
176224309028599688
3529698937396580
606850366319575770
5373804086182056203
2283700687984217
490306962962736895
39490562340680749
8384364197882392
123448841338861185
6843837882264588234
2554903287395989725
236143289471366110
1627459973885778
0394170888252576
2579267543057189581
2022592454706491
4560769361158383
682038870734431329
269116881295038194
045320149665973
369137256421524
909996806440770
849757219319033
3441345830014707333
628766062607378911
5371641292444461
14977552502658328
935604451226182
4718468656878881
11151751508397892
3330748207973009204
15377192592603465
006407740038049399
1003751736435625070
67798614945753731
1145088773488482
5541436953085469
51482743718496953
363413379812014
0749086365519245
0047376988495875
192945489824056948
0374924879574391841
4333892464102580368
595250073229355
226220582207340723
90568667744060285
28147668529576822
841896725911243
6495254274505982
11160604641265502
559760190793875339
8077848020907872
763815409909013
68600232161803695
15602762428946683
379878001185868008
9972596731410903
77606819570182986
592966749118963623
60434422349245561
9823394594750835
809404803611459543
4825772158244733
9124435721929885
6576234151796631
945643484969925
625342562090804
60499669313207758
7327677814017769
000586466648840378
26828296168943318
2101057653198186
214064873408494
1716719216615782140
2672094365739238324
59480451989026782
082429353230105452
78561261015423037
933559322681393604
281966193796687135
8015398093608035
4207896834418578062
0776788603561649
39767222648072393
8394084569734840
90449484901471459
704713390855741
305047730028051
1935182626908622462
3492924424011889
0002423815001196
585761949688343988
410445839542390862
044410114506819
2736394393154478503
853061706376433832
1202475648354830
883586694149041
635287550665062269
4954887897058693632
8068318943858252
77364681461549807
638699581819471873
838252642285682
878193902496111571
4719614898762466147
8861082663924837
7001146184583999
9387560060975292776
48802895316306690
4067938918558146714
5710042857730391
412122850386640
526676157261455803
9392578538952974601
2832863419308927502
2664898706750117
338972656383440036
4447707939973607025
9468045116850607218
0809048943082729
45582374596044475
730766343313115
845563852167141
7332436358949003746
67791402812448125
737492837347022
38523539059036819
1398245716460952588
016618186049253105
462490939520057
1934057024001921872
6022247173574709
9522606540776863510
5050851082376482805
42644836621884142
5725948806506563554
8330651111428895064
2371496721535081130
9304272263262271
9848042026906996022
5739938835693245908
534701966860918112
941842196034530247
684276831230604
821144952525895580
085755125543842
75187836687736246
1176407372664255706
0231126335407225
720026192962577
163451058141723
2008295523120552
64507333924251099
87765687876975809
9059130825481198870
6791973552645997739
08533858966849794
8920119867227338
958740169893174197
31474483943603913
3749115191025037
9977149794891837
5456793509256217
85325966896778325
2944434576235675520
937111294081300107
4633717892039852929
347207799555977040
853448122098170
5334617933997674012
21839479684507373
8472093175002564
7126974439101883
1494204557343862357
8911399799993838276
3733104183101477
190543519225623262
5586649849533122573
54418108287104046
614065470944278
9292894067461773
027752814133265317
68069473021246392
309715505751769264
6241976709417625559
162315835980231
187774747960733
509656095510432
8515575027207066
51532951985749772
55369152495895283
8806526543336564
511509933093058472
795318550865323356
328861540972278881
690592315878962167
634939486349523102
482929665549128
1384756907568570
70866365059621228
27754725421145156
954222705022595909
684791227593455
7898283387961865943
279085192580632801
201751260025761523
82135001542878035
61605688277529745
9575983415908689
73779329876294488
795818498160604718
3221656294080754
2287811334365939
295514256272313702
5232994987751356
7024002821371002
1192031566945440
927904588549928
7097701661608344
0726521042944650
67090508106450623
21923144752126246
86171779377399715
9018516744818440
3613960454799906582
944692869388425
629384946741460
848601195729418848
648149334722997026
6419620120498838
586304047072836283
523608109134829684
301710082979482227
8958725757698201651
777856707445913
885600082342543
537509654589317
6907163935495533678
9569373008861030
920323619145504284
413226927793864289
186647204769396158
6107473386988088
36743215434304105
58768403569104268
7114150577307727
6034828148947583432
780877849790616450
2407047323378309217
4619099909837879
1617158550240253568
28309977243533871
64213091489835725
794120979027435791
4929639524385437
69034107575225731
9739807264591588
53978591130111243
272858567506557785
51378562315750505
482198197183386
092033612381977192
36506413933169969
947871171690203049
6987170006456422
76248109890802238
095965890919018082
5526327416886058094
790679253706930697
4753073624126287
749022058534303771
652067068358009
86109943493423519
3611458500243539
4501861587794529502
098387971564319
80960078697932419
42795635496635778
1153259600957882445
462289237984810
0095613470831998
982146305472956
47674833214764887
639621854768848
562125308524694643
6218325627340768615
1297174632044167
4448654904106681836
91815972644775575
869739730474492645
289178927075054
593326419612322870
3275796950149991
9950266145116872
49257166656278970
729862174004189
8589291953738611
578899865857961
9614640919536368
7453138127294681
3189563632457485
657747198807270176
956233092512989
209094489251377
391910394043455854
5456451350583305740
347539982283515619
8504171142278043418
07549685758732511
0105607015663601980
562746520815594183
510529464040742910
641370578567634
96923685235905427
257657517992919585
938810395554244
628012219614141698
4739723627357085
339721095679659
060294567401825775
71876279146552061
67715038945723245
41704465517394940
3881777892017258
261233938611873184
295479728493819
5727254013006667005
665486259266336135
8939961740290366
6316494555642227
24329984468002262
961153523534939667
6626022558567994
7957608669838054892
1288978333619773
853104019632523676
5481383461450725
5455222185506503
5976395447945565545
0946966260954230
345592485754654
0964716361033067
755635017268195681
2804412637291117
26861304371174040
9461947800300138924
146761677831328
034318046130302
26589246225874268
384102348146051
8013306509731723
36594517965934200
92209374233614787
1763321016491981778
74816060693090594
7056335416004882
287962460738186
313578667597240389
9426037817298933
89471584806410831
781044239951332
3751872985923333
5423796376053870034
5847679024964853555
46909716077240171
1135048085599932
8832067788562687
20008366432796737
7884944368200328955
444642482414155147
98880909849790125
2976453158652333277
685052327710863
19747010968265711
644247418014433092
9339938693839586
011334653966989483
70961049771024740
0877903182597842
51712114912182528
775175429441337
021506804751626
1576297785990762532
2799896578994314
2980898357005265943
952074251538488
52200736928507487
16254576049948583
833455834752331997
776967715420476040
16120378842375070
906241431889244
49696341209909550
2107056189917850
927743584333464792
090502120489637005
890187926216368
58937903331911166
4596132193715949
66367371642102731
5853417909475646
04848510347186942
451308120328230652
3478545556298844
9222018974418215
8805552824671221377
9064471844153005
7525937657142638
5884828514287887
9359383136284533880
2474384572073121
1123827262232308622
876040421964522471
923672228179627898
211485931466998257
569473723004017157
6951398490657272
197744016830096
7836698331327905573
439859965064342
86154560754544233
43843178774458211
66723535580502268
718899781166137927
538815247725878
11857711794925144
555997374097770
839559238534219
5091695644344777
8032662124654630921
575789192537204723
6593118660398182
12371995810971448
368967302275410
891320829370060873
800658564639526
039597916831531742
9906289942914561
562122643479254258
980585446885610028
1437744776459266913
713573858632395
3780239419806315505
5629513192056958107
514396303718505
7848381466309233719
116322899700584
506264907186587422
40699987986703755
744818088778817420
8738674224095825
118906548185687
779611699537622358
208442788385350
87952959028040488
171897219400218
415067947072820
098030306589059
5496260759638452460
5158707649743152465
664813266311177901
618202629170143
1198777958337091
199197095729458
764982122193859
6551310823606850
5887401046696407
127016486817119
631351586065346524
274093886534091
277794211715152145
33335594982254712
8359519108868289
1005922260674909
76100853432254271
993166146249742851
0064699775627534
006874610241990
2870187524593725498
1168240897480470
258696611870770833
5029177380437060470
8106619960325680365
9153564762663473513
081017065025631430
6921990717521608
1254416557095976799
113291424361228541
310209737007781909
616511208588560356
22860904512387044
