002.94
54.17
368.97
0.63
4461.72
69.59
83.58
73834.91
1.84
782.61
41.65
633.51
863754.61
43430.25
30618.59
372.64
6.93
8086067.90
12930.64
978689.22
6634.60
563.09
5789881.52
66.40
597956.70
6.47
2.41
153.26
5144942.58
424.83
6965734.22
287.33
8604.43
39.12
062355.99
10.43
0.76
3762.65
092.65
265.70
0053.65
2070224.53
52447.73
250894.11
935.14
0.89
61.36
1.90
72107.30
1773434.45
82.11
266.24
610.39
0.33
7883.99
33176.57
827405.79
201717.51
8709727.96
0379.71
2515.62
1984465.31
486956.13
55.79
286.05
83.98
803161.37
473.42
125148.60
8841.30
915.54
7872.51
313.49
06680.17
134.02
42.26
6126662.77
1141.04
64490.53
6462612.59
2.72
540477.12
491378.22
19856.43
65060.24
1948471.17
75038.08
8850.58
640390.59
4.35
302.69
9405.27
46941.83
36656.33
763743.24
854.24
30.13
7.18
650836.48
81.20
3987.72
74.77
1237647.92
787009.94
12222.34
6457.56
3289.61
46999.81
9634.81
082.14
3.77
74555.09
440166.11
391622.07
360719.10
799.83
4.97
588298.98
74154.98
367484.93
726359.53
886302.96
7646.80
537724.76
800.52
445.02
820452.81
4.00
3.33
996.04
8410.60
1.46
01125.89
0699804.24
5045011.26
742.42
270.22
04.64
8.86
98.58
55140.27
503872.19
762101.46
539433.54
4396351.72
6305.40
8775572.81
072.13
2330.51
53.59
2629490.20
81271.87
81457.77
15183.87
8572936.19
3699703.33
3380.49
449.06
4269034.89
18120.47
641590.50
48030.63
968322.77
53491.08
3.78
07.76
75.92
9962.76
7334.00
0861.97
43.67
298468.58
999.23
8503810.03
09457.12
898.94
2.60
757.10
1346.36
9.14
8571.18
4.69
787394.70
996480.49
4480.21
525.67
711591.76
389.89
2413.52
217.45
9090560.83
820.55
61.29
6060033.59
4.25
757471.70
33.53
8560.09
8906735.81
86545.84
15.52
7475814.73
73.07
6027.60
4250397.24
77.91
7.67
1167.84
0640.89
54.78
590.53
644.14
2.06
71.56
072.46
458.40
7267.34
17776.57
51.12
47.30
115474.25
89.62
8004.30
363731.31
6.25
495176.78
87.13
42.45
836.06
6.39
8875.38
8.40
4994.92
1117.48
97.32
6.44
0570.96
07278.00
1406096.54
1864919.16
64117.05
8990137.92
966565.32
399216.89
98813.19
2674260.76
647759.80
530.39
001.49
9885.17
64.86
568053.80
23.13
66.92
314.60
0836333.77
531.29
9254523.16
790644.38
7.73
760.50
462940.30
4.72
879.08
456.07
6363292.22
3266.35
5.03
09.04
51996.21
45.57
3996391.20
4994.14
7.76
797416.91
8242.86
6.10
6087.71
401.93
560984.68
9533319.31
2344661.24
5173.13
14543.23
77746.08
260.45
64.80
70491.68
0219.00
97234.71
6974719.70
5.32
8990392.28
09112.91
9117521.70
2093036.58
0973744.35
5.45
5147.45
7.44
0153091.47
39323.33
0169112.00
0307697.55
06.61
9945.25
6367.06
488846.12
844694.39
597296.59
1099.07
4114375.50
518.04
7093799.18
5013976.86
71161.78
42.52
624.50
316405.77
482.33
50.26
6.43
63074.57
7221001.73
6115209.94
2417.60
2.82
548.10
4808552.99
83.47
941285.28
2719.41
83777.29
525.10
5911.18
29458.65
61.82
737.36
529279.84
7809.97
230341.92
76.04
3008962.34
3.50
80.37
631475.56
2346.18
6.42
7414.60
641641.29
829.38
949.30
47896.58
035.68
7137949.13
505100.23
2686171.16
3277.10
018.77
59.21
138.98
04.90
266457.90
8897.24
192.81
29.64
8.02
7071688.16
85223.34
044892.83
9550167.70
25185.34
59698.48
202345.46
5.69
69455.04
21815.93
161.02
0868749.33
01281.51
3757.48
8575684.07
46.62
4240.23
537.25
8203.78
2.38
2.47
006.03
3.77
589828.56
945284.39
7733.80
5238.08
2369.45
2227229.71
092027.97
060753.25
8.91
10671.77
13420.44
236.40
0796.19
27510.78
7419161.43
808371.78
03969.94
1.10
7800.01
74988.80
38605.62
1.47
3.34
943.23
5100138.89
59.12
18197.74
020.30
04494.27
5003190.45
370.71
4.63
98.40
938.28
1251.70
3903742.24
835664.30
584.36
7006.54
595.40
0038424.12
627101.75
5913.59
108.25
88.68
6.66
95.71
81.23
6444018.00
44.66
91.78
5175.25
2945342.38
10231.43
061.48
9923319.04
6313.31
70066.15
36.36
5400.91
37620.31
4072.93
199.77
582.39
6864.75
6296.86
01.39
76.59
0844791.12
54044.20
56.41
4945.65
734626.36
50.71
78082.21
31035.49
7106838.76
4.55
64210.30
96994.79
18743.58
035.11
50.87
969761.18
7.11
347825.16
67653.66
9482542.25
9.55
6020.98
5.73
6275.71
43481.63
519098.87
1817924.27
90.29
3481.98
19568.05
6.83
32430.39
315.19
2075518.43
6.29
81710.03
6724.97
30.94
892.50
87.21
6159631.07
245.96
930640.96
59576.85
1038345.53
45.01
0.08
0363.20
3542662.03
9127294.77
425210.40
79.75
0844.45
59081.85
9272.53
36353.62
8.77
681931.68
90056.92
063278.50
400.95
34.52
734853.69
547060.86
227128.06
2.68
53.68
33135.83
0048113.24
550873.22
71.89
460.00
546.09
8318070.83
229.96
038.18
69.64
4617.26
331.44
5.51
1430495.73
008966.32
773.86
114.98
598661.96
207.05
25441.22
5906.26
679.77
33.56
7.43
8235.51
7845.60
1037834.36
29.22
92.52
8.32
3289.11
290.46
74358.03
11615.03
96163.37
120870.12
094.17
2.14
6707771.41
6211.33
6876.31
2.77
3.52
40.74
41.22
19.37
752.31
050784.03
7500466.62
145068.30
7008646.25
1113548.55
387.11
310876.48
11.36
24.03
7.63
6.53
5.66
447.71
4.53
381785.04
460.33
4751462.76
22743.76
98859.49
809371.78
00766.05
9954105.74
7670269.08
29573.00
473.71
640529.96
3.25
3450681.57
9259855.34
770.54
079900.75
3.37
8486351.37
465172.34
2328643.28
541.47
434.15
2202.62
5.37
13.89
286.02
0587.46
9553.38
69133.99
72812.48
70.12
0694857.21
31.25
775269.01
7218784.48
14.98
63.05
624.50
212.17
2045380.04
34.18
1008.96
852115.88
4509.35
1343.38
897257.96
71.56
107.07
546598.20
343924.08
91092.36
2.94
2.08
487.75
7524623.26
0.51
300.52
365326.16
2.77
7623.52
09.53
07003.79
9572811.60
7376803.05
786575.07
1.82
10625.12
90.12
690.79
9918234.11
5.28
997684.08
893.20
01.74
654.86
542865.67
449539.17
9.89
0009.26
0626.21
8006382.33
19515.35
19642.96
8.10
53.33
0359.57
20498.65
9816.31
6594296.63
9.73
147065.09
038.86
5105967.56
74698.85
1169.08
8323.33
27.14
2196.84
8639771.92
8.62
8.70
9300.35
161.41
32.12
2218.50
16.17
070.32
940581.00
6.52
0186.66
2503.84
6052569.22
3.20
7.21
12.65
0357698.67
5001774.86
6802.30
210.90
24702.88
488.08
45.07
1004.50
180313.23
6.65
087.19
9952436.51
5.90
80.40
6624.82
34543.78
9691.61
0227990.50
2.86
46916.40
7929.33
770.34
1655.02
6.40
168037.53
1933.58
70896.56
56.66
42.95
1301450.51
1547.74
2192.60
2081242.60
4788546.67
2463.33
5998636.15
68.49
52.81
6290409.79
50.53
0.55
239.05
6641460.29
1638.46
1735.51
5.39
5984506.85
327285.59
66.19
33.11
003.33
5.30
253361.15
2.01
16.75
6277822.83
02.86
89.44
56311.42
68078.41
92.07
89.66
98401.78
530.48
71838.20
516.71
7951.87
896686.71
9020467.39
3885.45
972.27
82631.37
553.18
494.88
89300.33
433301.67
362.88
1837.93
54147.63
183843.49
197051.89
7091.16
132.47
653001.82
68974.70
15.27
51.39
22.43
078.81
73.64
279.97
049593.53
955.17
070607.14
042.88
79620.28
55131.23
28610.85
091.96
5945.66
4225.08
8664.96
3.75
46.92
4.21
58.03
91.91
74061.65
4159.96
72083.98
048596.10
5568.56
2097.90
465270.26
00.64
5894141.96
8.84
308.97
8406.91
4.04
336.63
78.52
36121.16
4587.61
255146.00
1943076.65
4407.63
450.81
010.80
0764.49
475898.22
48.42
4074844.31
7.89
509.29
8204111.12
2997899.29
44047.39
686.41
4695.01
634.53
954.15
509918.67
277.37
437707.56
411586.88
567.02
8361.71
18.97
0255066.32
61520.84
909063.73
7.30
892.16
7880886.44
26626.96
27592.46
1.65
9150615.88
95.19
87.13
072376.50
07.20
586.81
43616.03
1.64
9.30
4872.91
08562.73
293472.01
964638.03
7.75
6508.70
4610.44
4.69
15.57
03338.25
2525.37
78510.83
038875.41
145433.40
796002.44
67179.45
0914.99
847638.76
47710.22
76.72
34.69
59.68
71363.17
0628.98
3318.57
0982.95
8442.90
483197.95
81.74
6610.18
442.50
3969.63
80635.63
14502.97
149569.02
798.69
846433.37
5960018.37
66207.16
23.19
4.37
0615.81
26.52
9383.17
870423.47
8088.99
36.03
71.35
910.96
412.99
44.79
01.23
1.96
59.94
04.54
481.96
4692299.85
8.08
3321489.91
20982.26
0.46
659.05
9.67
13928.48
98.26
5.57
72376.52
203972.85
034107.01
4318.30
40.08
8140.70
30.51
0914.37
181.67
80.28
516118.06
95.31
6546480.28
0703989.79
9062096.52
570.56
9.48
89347.45
8.94
4103.62
369060.88
3969.85
4.94
130976.68
732.40
71.35
459.44
63.14
732909.14
3033769.88
69632.23
5854.84
7014842.54
755106.87
29.39
595545.55
40.96
1880629.72
7.45
2945.55
84.56
0072.36
65.49
196.75
9229.25
195839.66
31538.89
309352.56
596.75
0758879.63
1266945.18
12276.76
5.65
370425.78
2343994.98
019.31
06.94
4101697.57
3165.34
2801180.81
666782.07
59641.46
9704908.48
4.37
017803.44
95842.42
27035.19
1512560.86
210180.10
7916.93
54633.75
4.60
27569.97
164086.84
1.70
8428.85
984.17
0.08
394519.76
583234.06
5.54
1512.91
8280.60
74.91
5.09
2324.24
66.51
268.37
831.53
016.26
93.44
134754.01
01.28
6356.09
57910.26
5259.63
802505.78
5345.18
808.85
4820.36
292562.35
684.73
5023.50
43.30
7468894.78
622473.10
6166.57
6.43
5.55
1778.42
924781.17
9282.03
19.31
55.14
922559.86
73.02
056058.81
2.88
7879.81
6065389.00
8600213.92
56.72
02.88
1567889.33
9.47
8.10
70064.42
400143.18
8357.06
8401338.72
813037.47
03.64
3498223.82
2294135.25
3798930.26
25.44
1503772.69
913805.68
00736.05
21150.71
49408.73
9198.29
5237.06
3307839.50
093171.92
0676470.07
084118.73
1647.61
622.35
1.73
203.30
0541.66
2044763.79
3.69
286441.31
55821.68
06.71
17072.98
326.99
2.99
86.64
80109.79
87022.92
7326307.15
694.37
9812.68
61505.93
889.70
1701528.90
4975.20
5579.49
9091103.11
60322.22
33645.19
213739.76
703.66
976.56
9428951.39
2484.61
8462362.76
5850307.54
0.13
580.67
640735.77
1994890.91
1.10
10396.37
7.06
35.61
565.14
4448768.75
309.58
6016025.35
406.70
66.72
26.43
17559.07
339.15
9070.94
60202.78
14.87
6384579.15
85.25
1.23
2.41
889.38
941211.69
380.62
690.00
4.36
34565.55
085805.69
7668.51
2179594.00
07374.77
183.07
1213642.11
314.41
871.70
6.85
5.46
05001.74
39169.98
2.90
71827.19
405.51
12459.44
779.58
2533.23
47207.01
69599.95
305.77
968.26
2670527.86
6701.15
5025980.71
26034.31
01.49
691669.93
5517317.18
806515.97
6616.21
75516.16
65774.51
453.49
1.36
85899.84
7863645.66
8260.07
8332486.20
5930549.81
814.93
6886127.11
7.14
59422.56
1.28
7.53
085767.09
27888.63
7.84
5559337.38
9784.35
35898.09
7439453.79
4045.03
351.31
2389040.23
1598417.42
2.85
89.93
40.45
2.73
25996.69
6203.76
2.40
1949.33
9340980.75
1.58
889.55
0870.97
89.38
9.03
3449470.94
6314396.51
661.18
240845.97
192.82
30154.34
4342873.57
25397.35
419337.90
797.95
5373537.26
02.94
301463.42
114.78
95254.54
35652.60
7436505.21
0069874.39
024203.27
304845.89
96087.99
76589.31
763307.24
49012.39
4.64
1.89
3499234.91
90255.15
84.34
5822147.19
542.70
052.44
01.60
4146.99
919713.92
8851709.94
319262.29
6.49
1448.61
1671476.79
2.08
9997.22
597.84
6508131.82
6080538.30
97.02
2684480.31
1.01
669.47
8874238.68
158.75
3684.58
01632.30
6.05
34.14
901.48
5252.25
0.57
70.99
37.06
93867.16
427.04
4631755.99
0.96
74798.44
5.55
2628.84
2099430.18
2.93
2718.37
79801.56
65913.70
634801.91
1793437.67
576.23
678159.10
965553.06
4735160.81
771.00
02558.70
06.93
858315.93
8.30
310.49
8.64
5.31
4483817.56
5804.90
9874172.50
56271.54
11063.34
58.22
74.92
4778214.87
466517.15
3263.55
893.37
877913.89
10.15
53161.28
572366.20
39957.20
184.39
4299175.02
3054529.07
2.57
550.03
9161860.58
84835.54
2412.20
6558864.59
3318.90
492030.75
039671.12
540.69
2528361.26
721261.25
89118.99
94578.14
4193.75
026713.60
79.29
63.59
6629.10
6841.85
14.10
337.39
66690.44
28.61
188359.60
9421.45
200.29
75.86
06.66
31610.56
881.56
800258.12
0707.51
6304031.57
08863.25
83043.79
04.14
7610.15
2.29
988432.45
178.92
5217.90
726.15
936904.53
733575.04
2612.59
5.67
7.93
8.76
7395.70
087023.15
434861.99
585.14
770754.30
9055.68
346751.24
1275.10
176454.83
60.60
8.04
4.99
2160.15
812.57
7560649.38
755158.96
183.73
3.49
7731604.51
12.98
20.99
66220.68
6.48
301.89
284557.78
13798.42
9.23
90.26
17.41
68.22
30.03
6936.43
800994.68
52446.10
499152.18
76.52
9176.15
12877.69
573141.07
33921.77
06.73
32.31
32667.76
3761972.66
4.78
440.03
450.23
095964.60
9629226.60
505.61
375.40
7076.60
962017.98
27206.49
02.43
679880.33
513900.94
660.86
832861.65
8446733.92
78.34
94.40
20.18
68.23
40.16
4.30
6884.96
1.76
47.21
5221363.34
800.38
976.24
606790.99
6002162.57
7609.83
902.16
4840.13
2063.59
78426.84
9563221.25
4.47
64.92
8487.89
3136778.83
47.16
01.24
537.08
757.57
7243127.98
4126.92
832502.22
3826656.30
1.89
755.92
47019.27
4263448.57
3549320.77
895.37
78107.45
9123.11
9697928.29
0797.72
3648.51
9934188.62
3.49
5749252.61
429.34
3519596.02
8475.46
346901.46
59.47
662994.01
9929298.05
58539.43
3240.75
9.48
9021.71
6810.39
20.54
143.81
44195.06
7621.31
5423.29
4.75
31593.07
055.10
1941.64
4799.27
5365.21
07.58
911.73
929815.65
5968.61
05.49
830699.33
10.24
59.48
1275999.12
00390.71
9444806.15
6.52
379911.98
9660.16
2.27
4612657.11
2651211.02
784.69
596.75
303757.50
914.85
4149345.57
571.03
3.89
74659.75
1915.68
1.49
565.73
2.96
2522057.71
579971.13
4.90
640.99
0166950.00
6658.51
730.93
948.26
0510252.61
07959.82
0126.21
7.90
306.74
305.60
734184.30
0292789.84
28823.23
3.63
03186.65
85008.57
8079348.25
96.56
31141.22
58337.22
2919258.82
115704.72
02275.14
9358733.33
507821.59
0556.12
3344291.22
82027.57
554.23
70.45
414393.83
8.96
13.00
340079.68
711.14
7.09
845529.27
8551823.43
231476.50
37458.53
19.59
085.08
9690567.45
2061812.37
719.86
3352172.35
1.87
65.79
8185636.17
8.34
093.38
23.35
3274070.17
7.79
0571351.20
3990.28
4.76
5.61
68.01
440.01
2.19
16765.90
60056.67
765.69
656341.82
26.34
04414.91
195214.34
834.13
9.04
3874.64
2043442.00
57.84
374.07
57.27
662.62
87.14
69743.52
772.91
542.18
0319.67
5554.55
5.83
496568.46
7497778.12
3457.63
8041178.74
8460951.99
5450684.55
5.13
116294.68
6452569.04
98855.33
64422.16
42663.30
4.46
0047928.17
856234.31
5882715.22
857.18
11.33
9457301.99
781.55
048409.52
922544.71
8388.36
56.76
2.56
72887.18
627151.26
3.37
858985.94
503.40
921904.33
777.23
0424.19
71.78
95.38
00.63
25.30
0987609.93
0050223.40
25.14
3285.87
5.82
86168.64
44307.84
9056.54
5705381.86
6.54
5.36
996.34
929847.45
741.11
2405.57
18.60
0483764.89
795651.70
37624.91
0026394.36
8.43
0309898.66
618824.37
8248848.86
503912.79
2558849.99
8559250.02
4.15
6520.55
0352.42
411.43
921.15
0855.72
8.98
0.57
20843.33
606.91
82812.81
599.90
661.01
845883.75
90.80
1782248.51
6067.57
94.79
36725.23
8200242.31
231737.50
2004399.49
398.32
35567.33
1758.04
3691.35
475809.88
17.44
346.98
494.76
83614.58
952.61
3.57
0646845.54
170.31
089.08
502.83
418.19
270.60
790.69
15037.14
31008.34
6.59
384.46
3.43
25.96
044.91
916352.04
6.23
4849009.75
284.18
2347235.85
61.28
1.60
548.79
7956.82
786.82
83341.77
20979.17
679092.29
540230.01
2325279.45
94.68
65793.22
3682179.31
90.36
2199555.17
85.24
6.88
997.18
3182.62
02577.63
87811.66
8691.97
4096.55
3986.17
592.01
067732.85
0253899.79
4.77
707940.94
615.50
45769.48
5880.06
6.52
82288.19
2027.04
95335.69
82.53
65205.81
0368283.96
8748.35
50.91
02.82
542.93
7011.35
397931.01
920459.66
900027.13
18902.42
0.88
40.97
457602.87
8749.16
033.85
57.51
08212.19
6.33
6.83
9900.32
018.71
7768.61
210883.75
37.17
5377.32
7774.58
805.34
4872627.03
1.95
9.44
6657.50
2.44
43389.38
781.31
58722.81
379442.07
75013.20
0.67
8346267.81
057244.28
156.93
709055.34
21.59
42.35
3933.55
4308848.90
025036.82
522051.29
54481.30
5055789.89
02.72
0.14
0833.17
14055.49
2864.87
0781.55
5591.87
630835.24
3.37
1.44
192544.47
9098841.44
8103569.58
29181.29
639933.08
6191.34
79.96
968.36
42851.96
244924.90
220.67
8726.96
7.82
1.10
812.01
917368.48
36.79
3.12
195.09
422.30
8371.45
085.96
63428.19
55616.07
428173.72
79743.71
18903.96
49956.29
2.22
5871.26
922.57
78622.92
387154.99
84605.35
124.60
4792233.63
912433.72
4474.51
6.51
631.70
0087.07
6.90
389464.38
1695.66
0.75
8.67
8.85
7061347.49
499.78
007868.76
799.78
297840.27
3130.49
6295.99
8782317.34
6444047.53
028444.22
9.52
632932.94
856105.97
45013.91
116.52
5189.94
0040.60
30717.08
177405.36
9.14
9822.52
7.50
4945.54
71051.71
74068.31
5.42
97.64
09274.78
68.36
37.77
42.75
36.79
48426.82
80552.28
0318.15
5.19
5135893.93
8003.72
5.63
27.26
9348.00
4.38
969.88
29835.78
601920.92
93.18
706.51
0207504.21
85225.98
64107.54
49681.52
3.74
950.14
8243116.35
8286.53
19.92
789.25
6912.51
32260.01
27523.55
8160.45
295454.22
805.76
3.44
7487020.19
00906.53
548254.69
7.97
4262658.00
24.83
01105.03
2129.83
157.49
173.34
2.30
616.60
569344.67
6.70
13.09
38.12
11778.65
7.00
23.06
254.92
8405.41
766286.72
04.03
9082457.43
19730.70
361396.54
1475.43
86513.72
842.05
68.89
0301645.82
3100208.82
351.25
3471420.01
5.52
004.62
7.66
1.29
7302.50
27127.23
393.78
83.36
37.76
2.39
96.99
6705777.79
44.51
9.77
96.45
86970.54
10.14
874142.09
077686.76
294.22
1.85
871064.13
0.78
180.97
0.28
8628.40
729518.21
5.46
048552.93
586.94
6.64
69396.63
6390.76
482887.19
24406.85
9.94
363.17
4781.19
24411.12
901993.49
2991.33
05.35
4.13
4188.52
8928.99
8857.60
34543.45
946.28
76.93
41.56
436.94
464.78
01.80
364859.31
78151.96
066.60
9918.19
71.94
4621393.37
769489.10
6.39
997826.29
09785.09
748.01
698.03
15881.89
88961.96
7.89
3.76
2091124.19
7963.92
2562333.85
1171358.17
174.24
864893.33
2.89
894.65
592002.32
590.19
496250.79
2.38
455434.81
2.59
7.19
14.80
6257651.24
88.91
198.36
8079.59
1947.96
3403380.44
294737.50
6470.27
80991.82
9.14
18.66
58379.89
534.38
13479.65
4183.08
1.63
9338360.48
958.94
12060.28
1.22
13934.89
044348.66
37310.18
7603.35
8.74
5916.30
454372.31
9022765.65
300.00
2.53
1225223.46
205376.08
777.64
90225.59
3055.43
38328.05
0327.41
6672878.27
6397342.74
3001.29
25684.61
871347.02
6749.86
384882.47
900.34
259.10
0.41
13687.68
6423.25
886388.03
0.83
9961.20
07584.50
1123.91
637.28
0.74
0063325.09
390355.72
37.30
4.27
92669.29
526.72
9.02
8915204.10
355.61
3206341.76
5090.69
0.28
4517790.71
278.44
5.70
33789.33
894.86
42.83
7.05
0.71
921960.10
2100.75
198896.64
68.56
96.36
399252.31
433908.14
43793.83
629.76
4552.15
37871.42
268875.89
50.40
0891.40
8.60
38.34
5.20
7952.20
5786.00
5.81
1.03
35730.85
1231596.13
19.92
1105544.12
78.95
960.48
84613.58
27.68
369219.05
042.61
931901.37
71.34
6543940.31
5561.69
1771.50
18311.73
44.09
6814920.55
46283.71
53360.70
1911.51
867934.09
70.01
146.71
3.09
27478.09
84636.15
103987.52
836657.81
4331952.26
76964.30
112097.20
1321.80
3.65
3691.32
6070.06
843.37
8.55
01.28
67720.31
786707.09
07.10
4.36
73242.41
9.87
543.03
7810411.97
59.91
79383.37
957960.80
70104.84
269342.20
8191916.70
3697.08
106792.35
7295.09
1958.66
69.16
910226.55
5315.64
4077.73
85.92
3739392.13
21227.74
2.09
94730.21
5637937.59
51691.25
69.38
3768620.25
389638.91
147.31
26.80
99849.41
904854.23
9.77
138140.09
442.88
32620.10
52742.35
03.89
46764.71
7851.64
5.67
3.01
720735.73
697197.93
55.65
412.10
9814.17
481002.54
75.14
007919.27
46.74
9.36
94810.43
202.85
282.47
91979.80
74.00
69196.65
21.20
4.39
1062257.52
570.83
2372.84
38.11
79801.94
96.98
1775.12
9.90
716.71
740.25
655131.28
669.28
046642.52
0.25
2544.20
74565.97
32491.44
7959.49
4.82
102407.26
623663.98
892740.62
15.20
9181.67
20715.30
506.90
6204225.44
78.52
71632.82
68.66
7338.51
643888.57
180577.00
7953.35
6386236.91
8.86
5926540.53
54998.11
4.78
1.37
277962.75
519553.58
620.51
69.62
3.33
987207.11
9.09
81232.29
8986.39
247.69
785782.26
3531596.84
52510.55
4335462.27
949.73
6665847.02
44444.14
8314282.64
30230.82
8551470.64
2084.00
65451.78
98.82
08025.54
0.50
90576.70
4.37
688102.90
5803.19
061.78
910574.63
82.94
51026.52
61.88
9.64
0.65
1074762.18
996842.49
413170.76
392866.85
96594.34
6.71
014390.80
343.12
631351.42
298.96
648.11
7.25
3098.04
635411.98
1.57
196894.42
026966.14
33.41
8600.49
5659.74
51.74
0.42
7.91
647.07
42.47
841191.83
5.38
5080182.46
4520335.11
397.91
8459.91
97.51
479.57
0.63
4782936.99
94.24
2665.81
4834986.57
64.52
2.58
8.93
3875895.59
5.41
976029.38
86612.20
9.40
4369708.34
40929.40
5.38
0906925.27
7723.32
6160.87
847.95
049.92
7090.25
495348.94
86.38
84.36
34.73
2402926.73
7136.20
10.91
01.59
162136.22
145.91
81566.34
07121.56
30277.86
79544.48
70.58
51.36
1513.52
162279.60
940993.12
670.49
73425.56
88340.46
103953.96
2255.90
657.38
5.99
59.60
487942.35
88.86
369.01
0655151.22
5088999.96
940.30
56.20
7244.63
164768.64
131.82
916102.15
0157.78
2920658.67
232.38
032934.30
80.73
6063506.12
3.39
0621883.29
66773.69
39054.63
880.91
4636144.39
2.00
6.24
479501.75
2950.63
067.12
837998.05
9.29
378.71
38.56
971.04
002.19
131.60
9.14
9483.20
143.78
500.90
4.97
0189884.26
646.80
34.17
8802157.35
9761857.77
4200.84
3.63
861.47
0195109.88
35501.53
3.83
17425.43
7.24
7791.22
52.91
24.21
2913.36
3.31
69.24
740265.46
973.87
839.30
09.77
7344112.19
99715.48
1498.81
6.91
60.13
20624.97
0976425.43
235.38
89.99
3355.28
17982.81
3065.48
8455.14
659.27
7613477.50
36.39
5.83
4920457.40
184578.33
2719052.54
8433.98
081130.70
572339.14
6.57
6.47
28.65
708.57
087515.50
8492.94
621689.95
9.74
12.81
13739.55
58067.95
8037.45
6.23
7368.03
352.18
1238.48
434516.61
77.75
82236.38
6468245.23
0897.01
85.31
3466.84
5437016.51
1.99
51.24
02.06
11608.80
564.47
793.48
04480.48
509771.26
77341.26
347.03
622490.76
4216344.47
46319.54
506.82
6195368.37
0519979.82
79192.71
1.96
048165.98
3.30
06827.04
642.60
8.12
862863.83
549920.11
375.27
7866921.01
59.37
29.36
32.60
12.55
265650.82
9400.89
370136.02
9615615.71
4.13
1960.67
8620224.77
117163.03
10.11
2485211.88
73343.32
146.52
02.52
3.94
53160.40
91572.06
57684.55
65.36
7.08
1692.76
442335.41
044774.08
28582.04
1157659.06
886.61
52313.95
030430.95
3126.04
58.59
8298008.80
86.71
3.39
416075.79
59039.54
5.39
6777.72
728401.38
3191.89
04.01
7118720.02
13078.15
6376160.78
569385.54
87.09
377665.90
841733.22
3985458.78
018.56
13642.83
4531645.89
4104292.87
6480.35
0531.15
787682.10
32.59
91.42
0.91
573.83
836.51
3496.78
191346.08
057.10
9960.79
5856516.29
03872.04
27596.58
0362.47
07317.72
990212.67
2915.67
4.64
260.47
02475.80
64516.94
0650.90
796917.44
6024699.25
784.78
582922.60
544302.43
316.72
7.99
7.90
030.64
7070.31
6825.39
27.01
264.85
67.96
957388.12
33924.57
865340.78
40.56
8659.87
44.42
8159.53
898.92
2629.87
963547.05
1.84
66522.53
4222924.64
0.78
5.16
38150.24
052.43
036.35
51747.39
5.74
4840695.51
6.40
894.44
8811.36
01.19
68270.65
0267791.85
58522.64
930.62
5120889.24
891.25
4.81
282.08
22.48
188167.49
6479.02
701.98
0580584.92
8454.13
6143.27
04199.60
047.48
4.53
46368.80
5019166.14
09710.00
68293.42
551.75
14.96
41829.28
693882.21
0972529.54
578774.15
78.43
235216.40
531.54
624442.33
7195.60
463953.79
267.97
9148.90
1823.23
8079130.02
47.54
632151.64
7449.74
7964.81
9.52
600098.09
0.75
31377.44
5517.40
645952.54
321872.59
912.17
13634.83
354006.50
21069.24
68.55
120674.05
632.51
69.75
94.90
57.40
33918.18
430.38
67216.17
17792.66
5246.26
3396637.31
924454.13
51.25
39486.04
9763.82
3222283.69
7467.23
3205481.68
5.17
3369692.45
011977.28
208492.41
5498.58
70780.94
54.03
4.84
2.08
72049.50
4293.02
038.59
88634.15
270781.91
317604.26
968503.60
9.30
2754465.87
765402.77
2367140.59
3.72
62.26
463391.72
394089.50
549678.39
2.10
509272.37
478.41
3187.23
140465.27
524.45
7.96
747.14
4065.19
43181.44
49.14
073.06
3320.12
60.05
7916362.33
1283.58
061847.43
32.93
67549.14
87024.93
23816.56
9159.37
703808.95
50339.11
39.96
587.48
0211.07
361.06
7598068.38
32.13
5142877.23
803.00
8641214.80
0.14
897082.49
582.00
9.24
19673.17
5.00
562733.72
9255140.99
60492.85
3.79
0877.90
4408862.38
84.85
685.58
23.17
58805.02
9386.96
969213.89
2.04
8086580.91
2134.34
0.85
9430.86
5.72
90.39
7002693.29
764241.14
95.57
5857257.88
386.31
79998.08
400.94
9571.98
4434.86
722992.49
0074946.89
236879.43
93.84
7753.22
8.17
2.64
440.61
090.11
618.11
9988025.90
9428.57
04286.08
630.37
1896.99
8.27
8978.35
6246808.05
03.50
28.57
0248054.09
64277.87
260.66
185.92
990096.33
1221359.64
1.79
3642160.71
710287.23
96.15
76.69
93036.20
168.11
6146100.50
12626.74
8698049.62
063.71
8468.17
5.73
10.07
9.32
65041.71
96.55
3125.54
632185.92
2.88
674168.40
2658187.35
3428525.44
29267.47
3476.04
3298.03
3634.10
437.06
31975.79
523401.14
7147103.14
879444.40
27081.19
57.17
230.03
2803.78
6385090.29
642.85
2.32
40237.39
1579.74
59.37
238.36
76.11
68220.03
295071.33
38.78
79.74
45.27
08.17
0442525.27
2.24
9277100.42
22.83
0500072.60
413091.70
4.79
3689.07
1352.40
9.23
642588.33
773500.60
51178.51
2259115.75
019249.07
081581.36
4711128.17
8142.51
181401.74
16283.64
3385136.94
78210.49
850291.92
97.45
996.87
5414365.05
78677.75
3.48
115.41
754.32
8189370.37
47686.62
765.65
8.49
2811.72
877.53
643043.57
52145.46
89.29
71.99
13.17
62.90
118.06
5.89
8.61
023604.80
06.04
2201.56
3899.78
4.97
0.97
32.46
3946699.46
047765.11
312218.14
11.33
95671.93
1872.95
63.47
0351905.55
1070760.72
750990.55
32022.84
048.22
6.47
64.54
578778.66
386928.71
6469.40
7266514.64
82.42
194482.99
616.67
5472506.90
5.84
428.95
783225.06
9413.34
5110.87
5809.88
569.86
7.95
0000560.18
903.54
5644760.48
471764.19
140974.88
707965.45
851.99
958.12
098.22
631.18
1991.85
155.19
27503.79
5363.19
418053.09
84.16
2724492.80
5007693.53
12.14
75.89
51634.59
864.65
341.72
8.04
29.73
8.00
4793.05
1048.44
172.98
483792.13
465488.54
30.93
4000521.15
0.39
1078.52
522117.45
34.99
9133557.02
874.35
2187.44
489.59
8.24
7555.27
1595588.04
1823.96
620760.01
9489.32
89.45
2021429.71
667345.83
169.80
458203.10
2330113.12
17463.48
14.68
0450033.07
688497.66
5389.16
5231850.84
55224.04
512.80
897503.19
293701.04
170.83
60.60
826457.07
5326.45
412692.70
4941.77
252.02
215368.98
9296961.01
83.77
456.74
880.44
751.50
1.08
7177.85
9976.11
04141.99
3129817.16
164344.37
7343.91
285996.08
131.47
842814.30
793.01
18.86
4743.55
7.40
5.30
58662.48
634.06
984.70
990.26
9988412.47
53.20
79777.59
47.30
1.18
78.81
50258.67
43.14
9026725.24
248996.67
3.32
2258.59
0890.12
13.22
7587153.28
5.88
249059.04
0792253.17
8.70
9.00
4.28
7.89
5.32
3.44
33098.34
17.87
74.65
19.54
87.88
84670.16
1782534.38
53.94
62.22
39983.52
388696.48
248495.58
001.47
438753.90
8198.18
1458372.21
8934563.09
22.97
6411349.79
055251.88
195.16
25.74
88.72
1696200.50
3355.04
636838.67
17183.01
5538.68
5.25
9143761.54
44.56
1115.86
870.65
464168.78
3582.11
95.49
65.03
2.73
7.49
52.25
3679.93
67743.80
4063817.39
629.18
1172517.01
1.14
6.44
7852.07
46646.75
620.18
34410.89
0085142.43
72968.76
6698482.55
41.86
98415.94
1601721.30
00.65
1156.64
123.52
3880565.64
232.74
109.60
0442469.32
0649678.36
876342.18
506.23
2.09
955780.59
81453.50
981530.70
3182991.53
4.17
7.59
92.58
4.70
9.49
6309.79
3892.11
1664.28
902769.02
4865465.69
961083.77
84042.00
530207.40
13.75
5.45
031330.04
1577595.61
6657339.48
18834.01
6324614.63
561798.03
5836.78
233.04
81.83
940529.92
8237.50
13579.37
81.86
928.53
947366.25
63.57
176454.62
6462.18
8079309.42
88034.07
4773004.81
7.74
9.96
37300.24
305379.51
3.97
6.02
38762.56
0.49
8.64
3624120.77
46.72
519.84
729626.41
36.41
907.37
278808.37
1.68
5210668.91
87071.20
7.97
55.79
45855.45
481.83
1.71
4347.04
1064374.14
7613968.00
4.14
576.56
4229.45
293.38
3497718.32
6340095.89
24290.52
32004.39
7451474.18
423.99
4.54
0.98
6015.90
56462.35
69748.72
7.45
68.08
6180691.44
5.59
01.80
423879.15
8.75
412.31
290956.82
1097.10
9810.38
4765056.10
4710.63
902132.45
379129.64
78.26
12751.26
7.33
1246360.11
8052499.96
8378437.79
2690.18
1.39
5417917.99
104848.90
738.18
9.44
76067.77
09070.08
9554.90
8946727.00
9.29
944836.47
496558.43
731610.31
7670019.73
62.36
09.04
46.54
784.62
1.98
8.52
194.01
8325.06
611.75
57.02
519940.14
61.80
987422.28
227.97
42.55
16272.58
219.05
89676.20
8043876.71
1973.77
07278.25
69.80
668.27
4332.19
616899.56
8112306.48
13.74
9.94
67866.67
73823.30
1877992.89
8.53
707.27
1.87
13070.85
621.94
863525.09
618235.42
6707.50
08022.37
86901.14
139236.37
87061.40
789.02
2.68
008077.88
55613.26
8.58
5861438.86
73.08
82173.09
7.33
79505.81
8.69
8.40
2.38
80828.57
4918731.29
2559689.62
65404.32
4.88
30.84
4.76
1.70
7849.72
0369727.07
9105.15
8.91
1.18
344510.68
1.36
1.69
87575.91
9.86
1700392.07
4912.22
7686774.70
65289.72
932965.64
602020.98
588119.91
872802.60
0501.21
64717.76
327735.58
9.21
5103285.55
7880935.17
902243.45
515016.08
360.06
5819.43
75.00
4329871.23
64.00
4.28
364.88
7754700.46
386.83
585.28
75.86
2189.73
92.59
74.52
05.94
796229.50
465393.65
701332.24
507.58
2081029.93
15453.69
410466.59
5.13
67248.13
576120.04
419266.72
619.75
2302770.02
45.43
5998.67
1.99
39.81
8180.00
45.18
07723.15
4.77
5487.84
22.85
150.29
0636.35
0293523.40
4.49
2.13
02.11
7.35
71.88
4.91
08.90
7911.25
8.77
2882.78
0.83
419243.19
660823.68
0860.94
100575.96
90174.93
16.44
2554.46
3920099.22
017180.43
554271.15
08686.62
7.68
11600.13
465.41
33.03
5.83
175573.79
8550.27
3495184.71
28.59
34.69
98.86
44341.89
344.59
9.62
2015378.10
88523.42
1752430.77
6593301.73
3.18
75.89
181.17
8127825.56
088.01
8.94
763250.13
8.01
560787.30
88315.01
0950.24
5176887.48
5961.01
0882701.52
6.36
7265106.56
353429.38
57831.37
1831778.45
934449.63
07.92
277.68
1435.55
352.77
6958686.47
53909.26
57451.52
79.79
29.70
0685850.67
177298.71
18.76
8730.63
7812634.68
8.12
646941.29
663.43
352.04
014829.80
40.45
3.09
72.74
8521.79
2557233.12
812.61
5732340.23
11.50
8727237.65
111803.43
010346.57
8.22
81411.05
13.25
341.04
0.21
49552.43
6.75
1402.90
646905.27
3445.75
4936.13
6915651.29
7514.78
6.29
4675.60
7.56
14.81
28939.33
948990.68
878.14
63009.58
1922.57
17.17
089.90
12609.18
058.04
574.06
845.45
9465.36
3565.62
03515.73
834101.92
4025.34
949.39
67833.96
1266416.17
053681.69
331502.15
8010.62
997.89
643631.27
27.90
4708.15
8824414.92
1845667.34
886598.81
6353.00
6103834.36
8802451.70
1.86
56.07
7.19
1908796.99
71.58
7.13
3912.10
9105081.52
94880.01
59.85
91.60
64412.33
114896.36
32170.95
7707724.90
604.94
673.06
2040994.04
18.41
877478.69
507.72
523.73
01.10
99646.29
1690039.49
56.26
4692112.86
0.80
89.81
6915661.94
612691.73
440.34
7335951.17
354.66
8431933.56
4.13
056.08
264.43
864.91
02761.75
24093.42
3814.30
182.01
5.00
851163.07
9.21
8.45
4.58
355525.75
4784183.26
3.96
3824267.18
133918.49
85191.56
4658865.84
4.15
2621.38
01.82
8.72
5466.45
11.90
6.22
2.97
901.47
88.60
8930.73
5927956.60
351690.40
892.65
2870.29
4239.16
9363087.51
57.43
793.39
373874.73
8146.40
4962.66
997.17
65.07
3400.47
33.93
83.14
18.84
89697.24
0350036.69
05.22
947.34
40190.39
832110.69
32.82
12775.72
577332.66
4.41
051.69
54.11
67.58
2.31
3727124.09
61776.75
6040.19
986.21
64161.17
840706.77
2.22
4257.44
47005.70
2.89
50029.26
91.97
4.43
493705.42
9454.93
8296.33
907976.92
4785.94
1053.41
787377.02
972.93
4604930.26
202.24
3976209.02
009956.12
2221715.65
845.10
03648.88
65141.56
7943960.36
49123.70
7902.00
692.47
27897.01
3635.30
6833.92
2888.66
0640613.56
910.35
359.41
5.62
247.39
015890.36
211.27
6712.55
741.84
8.51
3648.32
059325.59
1481368.24
84.00
7.51
3837.10
56125.75
490779.77
898386.61
3026.16
57.92
3.29
541.01
42720.97
79935.61
1158515.30
657968.56
7.14
0065756.37
609236.08
3363219.65
8.36
1365720.37
51934.94
7139.48
19501.75
972806.29
6461847.28
7.00
798.55
3181.18
970.21
5.86
548341.65
05.82
2318246.42
51.41
77887.81
876474.03
611605.21
5093401.18
8311464.57
718667.17
04.83
01.51
6296488.94
609633.42
2498.17
3698860.04
9.69
24577.19
82.14
09239.81
114.36
0489.07
05964.37
131249.33
394.18
5841140.42
037804.14
6.37
6681609.11
5742.95
13129.15
867687.17
3.73
0682.85
46053.53
5968341.39
842312.69
39.63
355.17
61.28
5785067.06
3.52
0.07
086520.86
639144.77
873251.71
9.34
85762.20
0525.40
7681998.26
08.82
8095598.73
2.29
99680.38
3748.66
2.85
5029.62
86103.68
11.58
55474.38
61.49
80326.36
559759.48
8358485.95
6.92
912624.59
6657858.75
7.25
6.14
5342371.35
99340.63
5942360.20
62638.10
93826.30
7826014.82
9224620.44
725645.29
231613.81
643.45
029103.91
4659.72
87836.05
3.23
03.47
41255.82
91253.08
4.31
1088277.09
38.49
6648662.44
2.33
661171.04
09.15
2.52
471.72
626.30
4903156.62
681576.02
0877322.64
148.38
03060.02
6.38
7.08
02525.09
382.42
2.84
9.42
94.38
846.45
78.23
159.80
34.86
063.96
1491452.89
1451.44
723977.10
4806763.66
87.92
550.27
935.75
1783209.72
2206.39
58.06
36576.48
0232618.26
6.70
2045.62
307021.96
187154.22
48261.80
23.83
81192.13
6.13
36745.73
6.76
260923.43
94.10
7.22
4602.34
9821.67
672212.76
7243138.19
57687.90
02.09
1437120.45
7701.32
24.96
505.09
3270594.83
006.13
75591.38
917512.23
5878704.96
02437.75
8.69
436.39
0350.07
204121.53
7432663.52
5358.18
1313.92
4.43
573.06
196681.27
4851195.34
8758.90
52631.88
77670.67
382.51
224.55
8271534.03
163578.58
551.31
543108.46
5783.12
07235.39
4767391.91
7933586.38
36.62
49.95
34.59
4044.48
2312743.13
07.19
3648406.59
17893.40
2.17
456244.87
290.16
6210.64
77.33
11.80
1720234.67
40780.99
5164.75
03.02
3.94
11409.70
426488.54
5.08
71105.81
32.58
23432.82
078611.11
8698.54
70.18
7.55
4897198.37
0.44
60.85
744.98
2.00
2173952.45
3190.31
63.75
5693706.28
09.04
48435.32
336770.41
1959.75
118506.18
0819.38
3104.70
564.19
58973.04
10.00
39641.94
160847.03
01160.94
6269946.34
23.57
6885079.82
51.05
1985546.29
353.49
6255.02
09015.18
17.27
2818.33
876.23
5800332.87
8729.29
4310251.89
7097.45
9.31
60.20
0274384.72
84076.88
5522.31
495.84
5.04
6019.64
1968655.25
51.65
7.59
32.41
61.85
672.57
28.05
72.24
0.02
0.29
114170.17
31.30
1440710.18
5.10
138.56
17.24
489.26
42.10
53.94
91.05
1.65
13.35
29249.56
33380.31
5.24
1.32
3364198.09
58.26
9302.07
952.05
75928.57
2.79
1256363.80
07599.25
3766.19
8.76
9097689.97
6.75
5784521.68
8337.64
872356.68
387.74
18546.03
9.98
2.31
0.92
4314106.01
674.88
494890.30
37.65
4.60
0722.79
58.46
4709085.36
8474088.09
7425.32
1676662.73
29791.43
8631690.28
58.03
2598.00
525.22
1184003.57
364.37
61.65
41.98
5.84
21467.58
86.74
401757.97
31317.26
3084.29
11369.41
989256.37
6.78
56778.95
1269.70
7.27
9702.74
1778.06
52.03
70.93
4.52
03943.65
147.37
659.70
97.74
241.10
517.62
825445.19
3834.80
5803.46
936881.53
765.59
777.50
056.57
5117.10
2793376.00
5.59
957378.30
767797.11
41.70
46538.04
304312.25
77.28
37208.10
8059119.86
73.81
920.78
702966.43
66.97
31062.42
05055.14
05865.42
511.23
70.79
2272.86
01.98
6.43
42.27
1.61
738725.69
2153318.58
4.28
7586158.42
222265.86
2812000.86
7.21
2.84
71827.72
981.76
30462.21
15.06
836377.71
4245518.92
0.00
0658.02
32224.21
5.94
076083.39
182175.88
65.66
2434.85
784388.95
70106.75
0832200.65
757002.40
1.34
2.00
7.23
925.25
32497.72
16448.17
171.08
23.39
7.50
3713.56
765.26
029.18
7312.17
0.66
01995.50
19.93
146.29
434247.67
189911.32
203882.74
1008.73
6636141.59
022.31
1252589.57
34384.95
2853000.33
50841.76
6786655.72
2913.48
0656.79
534.63
8.62
963.31
440.57
71.04
2406200.29
364837.61
5070154.15
685261.19
4.57
4000.76
5628.51
870838.03
8291.66
59.18
20.44
76.31
3743527.10
6.81
23.79
32522.46
733756.33
764003.54
5.28
0.03
0.60
1386.89
0759.50
39.37
8499635.71
64553.36
0546303.89
581.59
4.64
737.39
2.45
9619788.66
244005.27
6.27
17260.87
73887.40
0547622.30
73.85
636.83
006.22
525979.45
6.17
842.12
073000.32
40848.73
20.62
0063876.98
005.31
9584627.01
6.19
31718.19
412174.71
908381.56
844496.66
5.90
99.15
988510.74
9.43
5031.53
9.48
9.97
54.52
3230.44
1262207.65
2396982.80
8954.77
454.97
487745.13
556783.04
71.18
29.73
704742.08
6.02
01813.28
950681.75
7209.19
173382.93
81559.24
944.87
381028.55
7.92
9310.86
7058.00
6234.22
87217.75
0462126.52
73.53
6059.65
489835.24
276.04
358422.32
1512554.36
690119.79
0.53
1748.41
89459.79
112406.82
56810.90
1331305.15
3.15
1658.80
0.43
547997.64
544835.95
17041.79
86389.41
6999306.63
0633.02
2782.02
20.82
5252197.84
74.48
142211.35
94048.79
01596.30
7030659.38
230100.42
360.57
26.67
2401.37
478.28
0097732.71
21.56
3072.45
7.35
61707.94
860040.10
1806.14
2.70
94.13
5434303.35
1722.38
52005.57
84127.44
71.04
3.17
2373.64
26937.55
46053.89
52879.53
7864071.49
71547.93
38.34
4.32
0962825.17
7849331.61
8.60
60.48
93.98
884142.78
2335478.05
96300.72
5.41
60139.53
4422163.54
0653.54
409.47
0.98
20.79
48.23
36.73
781.45
72887.73
361.17
899.02
5446.73
87.64
906.22
378.45
1.16
182.26
74.98
0134973.00
6.11
927.54
1099700.18
694664.86
5.97
9.33
7787764.37
4535.75
3418504.99
6066.91
049362.55
2621978.67
70139.62
53.32
9.54
42.78
093.88
68661.70
738.16
7.04
35.42
7545560.82
6642172.44
26342.28
15.58
8507408.76
2343.12
16.18
973350.67
577384.21
450.37
6898.95
5295994.69
1691851.48
260.11
8182880.51
0.32
9921363.05
6.65
94.22
3008226.82
2.81
5734.92
739379.98
466.35
466282.99
6125430.44
2359018.54
7749.50
65631.05
0855107.40
43.47
56605.88
4108.59
9.37
1634524.45
697772.03
473642.50
74176.49
04.43
185100.62
89.46
003.77
0.91
243.99
3742864.23
45.70
387.14
3185881.52
4290855.70
401717.36
22.18
89745.73
861554.51
0.82
4614.35
777633.80
766221.10
367.23
131910.85
760264.12
1808582.67
27.46
5855839.66
4946953.31
21628.65
63485.63
54.77
3548038.72
979.42
829.55
3328.61
161.67
85.39
48175.10
83.99
91040.51
7787471.70
6468811.13
9767.81
7942150.78
9.21
8.83
205.25
480998.47
3.76
122.61
453.61
3737715.50
34.62
529.31
291457.98
666229.72
8.11
739.80
6.58
541449.58
475688.12
4.54
388674.87
5.58
6.40
44557.65
00.56
3.82
16661.72
3378541.24
0096.59
2.33
1611365.14
719458.73
7.44
534093.75
367897.47
6124.00
053771.80
8233853.67
09659.98
829.30
9795.31
3.89
909215.91
4.54
355.15
9859164.88
2057.22
02626.09
475012.21
5009.84
0134106.61
4855294.68
855.96
3362576.55
1748.00
2759.63
82823.26
656.88
724.41
501069.49
7213412.27
5098.04
9.69
250824.42
27473.52
987.03
527.29
8245.99
76620.04
6234.07
348.61
3.20
349841.74
35.63
38.99
7189.86
486439.12
012767.41
6399673.86
69088.35
0395.06
40.84
0.70
94.39
70377.27
8506.20
76.89
535671.68
723.90
024.96
15.12
00.83
102.72
8636.43
50.61
2444818.68
940834.83
892995.68
8265.08
51071.02
209227.65
69910.31
1287314.06
928.65
676662.55
333904.53
5109198.17
6.79
126059.42
0.21
769006.60
42688.72
29.26
220.84
434355.10
864.62
824.59
0704.92
418112.94
9877685.86
587990.18
6924.13
434944.99
11571.84
8391526.88
82668.99
158.57
381.37
1.37
04757.05
835.43
760.04
9930.52
04.01
725338.98
129207.58
5.64
3645852.92
7797.33
3191.91
228.79
7228.27
03.93
424922.70
0.70
5490075.88
57794.88
57.02
71.61
054.67
4.98
3202.83
660.71
494.13
7485.38
98.48
3001574.50
252.13
71.73
8.10
26383.36
3977.44
80081.95
300600.58
822026.65
35.02
2929409.25
23.20
389.12
6355289.36
231.66
169470.82
1.65
840.91
5.82
3507677.61
7756361.57
57391.13
4.31
618.47
65.24
51929.71
80.98
874.57
07.00
702749.59
278.59
411597.71
2630.45
10.57
694935.36
655282.98
1276016.29
99.36
51.06
3.97
6574.48
1823.16
121632.06
7789853.11
7488316.96
702352.86
4767.50
71464.26
27108.35
181560.94
022.85
2016.02
38359.77
716.67
87.92
0.97
492957.72
28.94
7477144.43
935.28
78369.48
268684.28
344.37
14813.46
057.37
390.00
6851224.54
239022.69
21389.99
72.14
556784.63
592720.83
4672.41
56.62
09.62
0764.79
895.91
46.36
6598796.39
0509772.05
8028182.26
55.17
339.82
0310.02
6.28
893.55
0254.16
322436.31
08739.60
918.77
81.87
6758.71
120.31
1559731.63
02.51
90.47
231334.75
811.76
4.79
5361.99
72636.13
9003.74
13515.14
53041.16
60.30
2802.11
0129.83
2676.33
9.71
25016.29
749398.65
10.28
90032.65
844.35
43208.36
4.49
1565.11
625.35
172.80
0.79
038857.69
590682.70
46.69
087527.18
2.86
3042952.47
39.61
2609.41
8797.95
2527909.41
0.39
164.66
6769271.47
5.40
98.43
339681.88
0904.81
321219.85
45.18
254337.84
5.54
86691.59
19520.93
1967710.85
7.87
72893.95
91.60
135925.76
05.33
556.15
242247.46
273.10
9055.73
2787.11
6127.90
97.87
3.28
3.53
5128257.20
5.08
357703.12
1.69
0.75
23331.55
8.05
810892.86
9122.59
190844.85
2362617.68
1967931.48
6.75
66.75
6.84
361409.54
434589.08
6537.65
4.32
996748.75
22611.88
34460.76
8807650.14
87536.18
2.53
522.84
43.00
575.24
3.48
9112.98
126238.47
2.84
0555192.82
5259.39
18.92
969565.42
59.93
6864.08
7564.52
062.79
9.46
371332.24
823.39
44.92
506963.83
9.33
8526240.80
3070256.75
889626.90
375547.47
9.47
29.74
397.34
6696359.49
01.04
38116.10
4218506.91
832.51
3910.36
127048.58
03.27
7393014.49
493132.26
08.42
437.81
14716.83
9.58
51091.01
0.37
5.51
38.55
4048090.47
7397215.71
7398.18
266.47
75.93
667363.21
9.83
80.08
86.46
351459.64
1750.80
9.37
7.90
8.49
299787.23
0.10
46.90
71841.11
0.21
2461.60
195227.73
6223.83
842267.49
4.09
79079.55
6.39
6390.40
59481.17
834.12
5913.26
6.24
09.35
65.75
7.07
6520.37
4321.96
1156.80
6167355.72
49048.10
409269.11
79845.35
0871549.03
1551.71
3.67
55.16
2110731.93
25.50
0.41
0392.38
71107.13
59.89
4.36
6503.73
898.75
7723.23
7269.71
2.59
0693764.96
36396.75
88.24
4802.77
2.62
78408.78
5.41
0974.94
22581.08
3146.91
426027.59
038305.79
4.87
1276.39
83.12
5495375.57
53.38
2078.90
9967.61
329953.02
8142.83
019253.38
57790.48
6.26
0351290.47
74453.34
376357.81
134.15
71.37
37.18
103.58
1337139.82
89.12
28552.25
73905.13
65.57
5632467.97
55.89
91153.24
307.39
080751.24
1903.46
655272.44
367446.74
26678.38
227344.61
0273530.11
922661.91
095693.40
7849667.16
4497775.63
17.26
33.06
089841.73
70543.24
1415.63
402.45
02655.58
9572.84
169707.04
33929.49
11.47
83024.01
7.18
77.46
1774725.82
8172352.87
66.25
0.02
3.91
7295820.99
6666876.52
604671.17
55.55
79.20
9190.41
4220.16
53902.07
1300000.28
9.31
7745.63
932783.86
655019.88
56739.33
58681.93
981252.25
488962.73
5909.14
4488.35
8159.44
4.84
042339.66
5451838.16
6074.17
0778.66
4234.65
6371.68
73324.83
90.65
35254.67
7122017.13
3672.24
34285.70
15.91
095.09
