71386
72045568839
05227464918108
0049761987430
460490555875
05024795422
20965166510592415
8500527955190396
871895482681653727
46644265465441
256236161665138
97682889741
645647211214999960
96890954834609463
510214841542058
195524494314511
1209877554
432185298
592985876726328
8500833250771273934
95
1907863251
59755018300652
498760344072
8559
9
21942
72293848395057625
53
60270963795360
0961
536947527117015
46181
335427
4307281528660407
924758
4711908748999839
687
702801243552954
069502449630085040
9759355601654499107
005843
08103766576256
23095425322950407
001053945
55856804129792256
55675
50
325414006305738
5063113
149834
9174265946345468440
90956189080444229
6615823632818
6972039175359524264
2758613963185984
8802259611064
881789993000738
10378
616
6089609
2766741650921
59281564
7610971616569749
4799
93272148534283
0568
871358962011990268
40161376
2360276376391422589
5286465976
818521992721826
0
02
673
668988505842041
3395539258490745
902
11287181
0264019
827159583043356510
800174782860330
8509601
7872392623482363233
52
501379484574579
83512818140
06619
4695
4941911908492205909
860094794
920723
947060450
27988061
847740214
90904949048991
01647
15578012
5269752340979436325
1065834909330738
16299
468677233
80
885311398479989
4971115998974388948
32090374
693528080735535873
70590939460
88957026737448759
5828
165615152456950062
0410883
2427030248800957772
244152405352044537
905668702828036702
73181
6881673616
585675
0464816
353198305211471
499491255
31595589314156223
839326979444626
51727375
980997
0526228705185727
04312
631167580
10780870823
9340571680463758
4456431235162388410
199580005
7057831438
3370165
66
78230921524
9971795564548106700
25
9437952592742
3548347665253248
44043
0493
5835838
2239637926846121388
84373168513
00170484151
7473609631110
9818551
13488943960403830
9540281
770909517695833157
3492323716156
0324526925524067674
5536077402932097
159996442571
21706932367807
174232
27978
129729987075
7802713355
44452872691983
18
2976178924682587749
9710504057907
85428
225270502
5516801
5494266563850501
1351647530
72323143931502
15160496
1020
82281293110
870759021
396613
315178268655470102
8905677695991
752
37645709
13063
31288
9
75166
53762945580
0780
79433336773
530701715
3
078578064956186
0256284194891
00760728040
74134706328322
84861540120358896
7321
0912311870493425858
8902843074921949761
1047203117
488286214370
2742566050449293
961999
79998100
50878
835628
8
97067466779687
36772
7757491416509
500928
03148815763
0
29046
2976616
68500357015571205
6047354
0094110638
728768880656522
00671151
7423952829360
8277
9659900108367
4599174221
41
01842689703332289
86
79429782997
8878180050321570266
977378
92664357
1303197
6442674776079440591
171350248
14461763570
8664654995
0689
5185500889244
08510
636149774159
024325974898485041
221781005
3
33166408090625735
22
16950924355
597847
2406923977000727907
616464664
702579905
92000259675
6491
4071284356743537
076781357
32627110508678
83612956
246538
7654931872947
837950856239613953
36540964927601
87023265
86844406
39774064352365
30592185140
124632
2421481
455281452
271149287404
423624968
2706662945910065
9435
9047
27848070269275405
1378274766544611
00456024250
74265707
03580201357
1462810012040
1828379061
6362
12
2
2041452259728
6864392
04605807912
6642181931829
2428867
26620205595
178551162
7139146720488238723
31776459318
451425047477910216
5401518801793146
68558864
2
2377
08126
1228690741
4766581919150
79366031434948
7698338976
086101
5773259981801533507
9280321201632
3237373251855249
0936326728615
4017
422383313421
15315
0
26
4496102562039873
68327566827226759
1805564433588170
028189537585
56775649
20636286966
66465
210944
65559809490
47
97136572873009098
19101
73653586695
28
7
805680821680
36627594345920
128
093424
5900183204887121497
6858145965207246
008464559591464
34
87694
995047338118830
844880212
5880
7558829
66715636063552332
72819152772
004565
0527
39453536760
930493011
43834937898
2979
9139
3663629007618621161
6147186760621218343
0423343817135784
6
03115228
884474
3123598150054977739
71211403456690410
629328955462723
393942929684
4375272769916484
153233
35
64088741203
3259267731530
12678862
540
3
3697069
6372924480718809402
397359099801
164561921130380437
09041413
00837834721
2674987894643110
229602974
39
848430
047
4359710008726
85044111016248
53330677402330
73328
202639651
853138270555
361018115829
98701
6562100782036
51
75422
95895473
5317141112462505262
67
0099917458
980113593700
597042757504
329763729350
5911266887013629320
4822757135
91924
1435304479763359266
04236311540155
55524123
5051035
3650
9599
2169
547616737124379
222
0005
1422285338085896
01709380053021
6122
81972876786636
97
869043310777514
6566877
27489031
6578458
1847
46788887925155
85286110182069793
1
92502735574
13033120313030
368747
8892
578
3750943
383055562366247152
3103695269353
236935
7046256387000812
236656
13105285864455409
54091113258563696
57126849296229
7499508309258306
56105845579
96265
0
01352
962896831162
0243931545169
389
046286101304
82306198
4612447876
24474315243723856
4335
67
3
034
8
6126992865165579
893229200382549767
873563563982459632
27141007176
649492
9011518573771713644
9
843250922084361
172
327999061777595
0377174977377556873
96110180752197
457972297027120
562070149825317
21820238518500169
70
56864371294513847
7375189178019599569
95422353490
79754
5185
13778800407862
0857019701808836
465013571900451974
845342663376475
54723
4588686
9
29
9198818453
544
3
23
0408
834
3379
865727365761215404
0308244914
9704148441134907
913
18524125683177638
611
91204165459235445
400382605325368715
58960214068515799
56127583
1903824
5449499299295
28
1145
25045515632489159
279168546
15713592300215598
831179241
67564063168130199
9975240207
1823829436322
432170756986982526
80514861
8498390119985169649
439653794418894324
4422193328
5119158976576102
2028069615836130959
37728565
30031207456230
5
105039506
9212689309554354
59812086841
0594544064718
2324916657504473107
8043766
49787958506634
862215152257910800
92820919
257351316081628
4202424870
3096598
13404902594582
276552408086845966
295484844946394
9771838
89340276326446406
109325448
7512747
73641
993839
7
73924095922031
295633048881441377
68578451
044544679
03661
47207673819
6429
066679442440133
1573659870956
4909101250726334
83789
77440
721
78377393
0
83599265829
5727750
87270181106
9600981813219108570
816122
9
41312346
144
0966657452487438
40283932203674313
437529413853
91
765
2466774139103687882
3936
3815533977392578618
18225943
904813901350886
00917
1745509943593902843
825697463062
10584324987289
09358
2924
80504439993825
6035
547683020246
817348622494
281716771
7993122
04544405461160141
87
8917066729512304705
47188918
997
29010620742531551
6856840014
507
1712320723
219
8
26121384
092411491541227
3364644792963651770
61968930
8221866665817302
57
1139024227280761
09093498
319456377743577
3438148443
977763961360099393
13320394065
89155
57162
881391842064
9405991462319592215
04563927465696198
175837974347589
4358471873579671
2831020779028386019
0
89920
65318296572683
2719893801834
8878200639038966
51523234104
2749133457123170199
498786555328
04280208712474978
1120990851696
568551162837290467
576360
06323306170185927
08356
6039171696
41258524773242
0051396369
816544704534122
5304227869115072830
23073851
7264254772
194346
8546073930478750
764895796745374008
149652631527723902
88198596189
699571935
1628440888
316835110734
635040
79606988676636425
5498022521267959
613109302638
77629169724105
777078001890
12012224672
08607778636822321
45650
8224
8932640
1504111258439
291
24629792121618
27947
7538092740
28366901739546
9444164282202623
633078477136956250
86425821
32
7
36
687088
278485712
670805302875441
3452205147
575185114383862
35509537283
504237
0289
04484
8860000838029885
5570136686
77887538323589970
5071
130
107430
4762334094
190
82171698517
27209075571648074
035849481679886
69885079936
5695720683594130382
625
2615984
426766146405622
7726714
37
68703366387787
7730357307762144567
090
23416688192
3187808
9986
56
095480736
06845655941
05293114621373942
3797790
3305
6529375645657736
08081300808
99417
6610578
349548
83665137621943090
826758546151853
5383053000776318
729627839
1885
32113549603
465594973
87126947392
4498335131305419475
3199711331
63
216569
819011939
611463447400
09897716410
484307
5847053117
918
8525702779287652354
218472756699068
44678543409863809
34289937
347706443486778807
53837847
48772235787147918
5335017856136113
4281014188877328101
43
3173
5
908948853
729362128351289927
3063404470751
8463125715263
987195525064231032
74463378293
7703626
9234
25545503062
69
10404672054
772
9603366899254585555
88357979924
0
4656151286
8618592563211779
4961999
5901681
2015431410
230504925204
8
1134137084428
7269618812165
52426
114868819762669
40880463695879
2839863125416
221080182
5806545441506409527
04978615462
7530572467195454769
7983718465450436
6772
551730909311
03067546898077
7912257722116731755
9
77107191
29352
855930321469443
510
0710674047748443
6706
4617677370069552635
103
2882939561310609030
679271408418134987
8339748069805711685
603866104
9626628576
49861233
9421367380493601
803322851615339832
838170048
43260852074
2170073309702530
56406736253063
9386187284189
3974
8580
39394611
9145598291016042909
560656622761
5197656984126
19729103343
952860354
5341668
8447296337
55619054
9036429047
8011375509416
5219
97157384957
838406362263302
0379715959206
523746521026
09326
5220110127614
240540
74
779216307
69133967217446
1819389197567
75414
54694909915315
9195498486251
1063752648
619113077256089
9221288
175188564
4
4328200601599832
130010309316680949
0
846579991578355297
9757692483018291
73272
5373
5365
2284275
8900507855
4939235540773722886
040401
8654872605
02238178
53451680
48736953895267211
781274955921866
83259123059649374
8909
23373109231214
710840319647427922
2
3116
36398127
2581
99596764776451
56
710886
493781797173820
313798094909597663
34659947581
98892563542278
93
63897755604141028
9927311214711092461
31413
3624051342821
534176
5230708491
84940114137998249
466414825
4793454244926
901
845840778689416110
34736219740706366
43318873876941880
455265
37716182
702944600027031101
7
8695079824
1
512780603359666
7
163090550037733
87
16876917
84225033501
32266678529
35932008847868
43774398725
0792101303276251966
8737416734
22382533423815
510969527255816
569586939838944
2168563835976903
1248069703
69
1410228
965465764539019913
11754828822741276
186811441297985358
4449236294
373
94765759869552658
12803664771
9598811
23974018048445
046035403
58645363796906
648495801776
3670264534661732
759967250105088761
6551
5046531068
433648404101993540
899
818218438108594
79477568140276126
1385
790485613598091
13488021738593108
556897
015067119
2102058648
1146
0836703465199296706
065107506199299
9728051454439877
57483
77
5537
68653506395905
64592431
017
9307896765299838
20585660551184556
445404928329202145
1
8
638
954371
63067719674451065
6857320568
7
7198
226034846151476
8424684409
839178300711524255
83148419
5034238
45
5122048612806600
76789484195
91117010442049
59758725766660866
677
662372856688700365
088397362788477648
70
571582
28872979643
805
5
00077224696
24
500222135952069
9709447231620
3783906089187
2603759192384
186580143431689153
0320634134115
51712313988355
0
1899549678
959
03
7545085726316
9
501
88245
2253258661138988
4748280998821
376296702448066588
817132384128338087
906308871768
4065779433
78538620475897
673
4717046061
20619791
93322
1575648211896899
3576
33678811
0070997739015
631665094472120
649557403136
0924859891122226420
912681923282697
53442224533732
309731421521690787
3
834992550826
048
693374839939795093
8133049235
24
46966413
3677544879434825
45077
2980
65865701068
2775318290070
8194869547967
3933326062705235
61690549487768
315187
094
3502736233394
290387820
6638
0349346256623
407859973
26726685
15206480
0
38177604579691
2845045713
75867646771
373800549795
7701167859786
879945478100056
851
0158624199751
730061
411317052059
5571
578576935103019
0987004326784
291376320822
393402439759589
61126
29043433
337488055243
2663611571008676915
5
45464242763188
067139933315
6
6633142466973220137
04341593136
397467403194
340253119843542377
75
805
0016879
50
689309313567084
1705813254947315601
99392
4828
782595921954060500
4774412
00559834571680
596134339614114068
919139770404227
86
88
469887
66
3801897120085453185
43197340462
1349
13811495
4005136995688135
11401
95918184480913
5
5409538752737
56192402404085
47770319314
09823644203
9630
884003
5852026465
6
77
36630
489786058475405
078
772691416840928143
85736
84124
23458978030712
40505427
8733351174
725126090502247
936503
7664593175
03
742
8
37679
6153700810548
86
824
252987
723
78
58826111834
21203
1577632301936989
806
65383070
584
304504549895
205906764612
97195565526866
9688107071
72379651242043184
79933
8759471094408350017
746702774693
7460527510522
03223893873
38321285088773648
44922116
348399315
341981417
4502444325
615828
24
186462372
3623524058779
155
7953630431522067301
41552
0794945
4751
100381749590944
20
1
1189964464094559
178637258749648
9231860847
550198105100
80281442853
223586
22067736483659927
935091568276040028
4872272990109
733365341371
0
67323500106
28
57448537735267
739299266
557118589392
4832800
501276529
7299
3385284054724
205056366863789220
98
709517461834557
977033370764
442023178038795194
6949
0192501151
03766262240456238
8673191065
7250088
6806
10476810
65166255
1107660821731
4667334532
262269185
84547297
48111756872096
23465621316556
14735
91842632638066
698277372018614
674998824
7
4414171589181
984380041009
03923329535433
7660
7587453577542805775
7398833257187
51090521198622789
04727461199780
0
6258893066
578571550279
569545097015
004312828
6635975320960443
4217837180174776
466047385252
3540351373329517750
319851096537044
1465
558573047778713
01692846772
36915
9753
39600903
419163
9772728721186932
9355411104766
210644677858
95909186614196
772517511
93329436439
338197888
9917
6437213400033585
4475885
021550872
57487431857833
1176832200201
67
536633878
1313
899413713690205263
46541479702356
0
0870317
5
990748
98823819130548020
290097851287218
19356553671243
50
857406881419707442
5338827
2659232
52
53803768912044500
4
3660903645069662
145382534371
16745586728818893
422978170287145
37651077
324514
972260898818818684
259716
5737875861130294021
315
65252528675459
38
5515
1445538683
222128149238151
770808
064
218695899
6977418721961
431
287971953800
73706176063437
4998317
1762196226887677
75522009755748
7672047
3347793906827065147
914
168
087733781
07880411
7461476772117458244
81299524
30
0752477937
53075360186270916
2841470
2961730
96
1529447
1998160121219
713993
2470
9377765321451789
867345512162029443
8859551234973752532
3014018012230000
67
834166526883734550
996815323687020
460544345043184
8
138621
0829204170027
8936338
836567791514458315
80730236
91546
382355008680007599
63
6405029186104920987
8575989
379084613
237204
45523
6956441233
0401
3
67203
79514816428474
689
9268797568616369332
5935251588342248249
3
0278824798682162693
9379
0486493229789132951
4
58155
016364117413840534
36773444794
8412194
77808998
20985763868951
0580449704255621
917447
646214914779
18112588570
5330588378191515
447315939389
3674614408803
9155046191
096228094167
5370099
7538086882217
124216
169568
1463
097362593632770
29
231757
78506822003
74086625668107
006211539504722208
003
6255
4189774885104211323
133646314306626
309338395002
0071581172
46
97736078178612
77
698274075173
888920545334272786
975567571664909669
2518062785
0880514479891649501
17052109941924375
165391644221970534
1094
642818
0402471
63611
812718527
884024886296611
81693725485
2511869
04755251189540
3435647830
4092028348427789
46969
74378
38522738051594536
832081623182
55089863300770494
57106711734238935
54358259218
186645
667419358
25460603
32224022661751
304306089
160401348
5837395250973676276
6263214950
6214128599
0044
825879049271
26994643819951
9329954
3906035584034
555296432919426711
7
30051659583436
81
80130557
354963570877839
1294196103695
420848134378
9723753984357699135
7756442426291726
3
7038725353239233
301939025690531
33093282049837379
65280
84841250981169184
7419764
755503027034
545692
0554878467501961
93817499
42171505
41920
6732668
4020880358826573
069009
2067809366
8508805539
6352297396740087
6
38
0477
37565505009060594
291366355780942
5892815968421788702
59393252816514584
8389220371352
156116779
26281856941244
880500909067364858
822079628100
027495469678
3016491200
696321234087
2
35468
339
3109534
818683080849407223
20158601
2207
4884
49758532
5462057994611
7828735735182085356
61661622
0392183313657272875
3840158
414675090
64057003196892
955119782541
9338121188175978593
902
8438
195917
875332917
967583707049822611
8
999689
0090442197389839504
27388318416
339568274419909
544
7673431434257170953
40142919613788962
694768698072867443
04315829
21406
0374778
058806150166010760
1303134517656
8082630836324270369
474563157
20853255
33941604797684813
796
7496185657434599
2
249602766934
7867703116533
216243
289698
4704705182521
66
30919162286602
7048533127615290
6305423507377301625
8910019896123
096415303755
258263909897
147324
340
57333141880985
4410755633520
4903
550172
76186607973
35436
5693524912161108
54854
81
54471510789
475184964844701
357083617410274
616238834780
3152117788
576740996
7
6519
7385180
0856008407133
1295161
651160734
56
8968602193159214887
50
629
2254188
5809591768
888709
63788
25000840243043123
848483
59
5386
363
56082
911221
20390103076841836
41916337506547465
2914206
41557580007
6169901
83459039
077
0716768141342093557
379
40641438856652586
550
6019463692210440773
272497
41298969240502373
97233144891404444
62094127416803
4845203543
0804
6
0042117505
346162591
734052132546786246
9138374209628824
177783656
663365761463
4408789262
37
620812
60929561739714
9398739
13
41168
10806848
56301288600
792216
467096761720206
394
631436501586
36273409538297
1208965603243494809
118318348839998279
8118220144
57787259746637948
01855153746374380
0231464161
518221
61
74902799
147524470496
395718261649742914
5216905951
7
74466527709779
847
49
58601164950663950
65813340691262
25704
5
7003472136
302382
776371877415909882
984846642511453
941701027361835
4391139777597292
9
4419
3418976393280
417737433
2861086468346533
826259
00
631
55
600892574027
13202031
90253
436944655251
8813636
898887
75
437514708632239259
6124198368
6756965461531
4159
8308169969
3820612123
576100250587821000
3204080780
903647050566263
352591549
79
137568
630461377302454
22
806172531658
1917263796247
55181637872124
777705412677
5872004692323065
03644837220868154
2575926711004
4857397232977825645
73
6384847800346069
014
250
65981664660
4337581377
669244564
215
5548138
99124644025
332669
783961992903
3842018998126
36162893956441
0
922662596509618425
958922945338
8882746473960173
267790487753632498
97031
1958769389
36
6
4729813196
5261737445326057
481994164073
23
5579400468
787
541152918983
7302743580891101
928740189774679
67711
8546
979465393060923743
455918185105
53693608734
36707540
830090
69
18767786701049998
19618249
966513
93546
636512552
3055893
55804690538120
402625002
72439
92
85
8
314970051456423
609094067
62571387586
58358411853254073
966730187717326864
9851282762047865103
14488774482
85
446862723233
722158004579511
02921422455077
460762543959315
188616691888
9
0694
303917045618489553
644131
69655323
762394076329
98578157308
599230994139962
713442008855
777716319550931499
86006072618916593
04245658299
4802
00569109413
76793396595144531
80127232731335
1461071
20322466695073063
57568735802
264259902
9775817611785844
04
7373022803029763801
164373200996883
41
387071624
5534390108204128
72346667488
9193254266718964145
404877238688520129
2
971875219140309168
32
1607807960601898959
0752974
92
1536000284
085806841619845712
113
2318258976
9
8423639124707854
0467
49936188606297979
4854
54612239149511
79281379774412
985639435675950
42
6
96595966
611631548762
3739463047797
40692659462
90460
487
47742718
0941346
7489035197
17397590791
1101876661937422
241409803
0338761560
0093
4330607
1185912818843497561
341
34859894989
79151980
700
1696913675384
605273096372512062
9674375
840
2801929962366258116
08535641173556
3436679731
8214
5661
7208
2352242977150810
556639562
384
840808606
8720634927079
2715
91047287921
7089137
84330146
398398961223407302
445
22447
8811
57
61331640963027
1
56911600739157
820185465
916911307389774
99817307392
72221608
25
96393228937
482278817448162622
64832251
7184075
1790519371
296709688010308
6708
83001688362241010
1398
6497834985919376
89098623282792
26
595
464
40389314047
027083881857
39
42812427243
6436
694687435688860
867842717609
1891291407
5877551
2301199148922843
64190677
66954723472581905
051429
7200
38271812327337
20157668425942350
3700
29166
73545959
44856109816584136
3
4441619383
63015
222968
085439488
0
4418725159
5
6
1433299
3
38
09602109167457
812239
190491235730359
276295801495
29463431629
351993715488193
95570407740
21938822315
0616381347789464
896660
3695759110844
42372744
80642022410022
15849020460219
126566425
59476
2388
8250899474
9235
05584
8694167
6094054858042
63462932
73
747089601963
4690262792
93313698848060
89508750744
315235133860643692
68660
038597
2
308937725522425
92094686946950679
9
49050864222114
840
8369009892703907
96541685971657300
050685154188
72
99802566
630196119410077667
1631584931
22026681476
613365605291
027291168654932
3089900036
02
930816021003121
16940065575
3227622543188286175
225270
3611951234662515257
3837
707084
46331053272942
32260
76
481394
1322563
0096209795871917
433069633512
33283
7990385517471021
7369419434210425834
4632783546336532300
8
7
40145166747
9638011633401
2129025453592
3940796219377
9701380
5674566566718
3971694349
933425
1924
3
196438252
752
688071261308552
277555071
27348915728657
9389918549434
87384171921855
6522014208
164173051805
939858166268160534
572587146
85623
816030704029959228
05
30156307111
727768352879656
2001175816345
387688466841960
40
46785804039245336
7453116464
647039787
65862246581072028
27099093254
233913273231371912
725981008
2132195874855294689
7934589369239
2291
92022569
36534166784179
924049836532
5644210
05554082539
914597144405465
242479900981817
229683709927178396
95588413
71799807730835
78598504601
9166375044532329827
124793981
7227281095443145319
6823279825537
22118761501
0008745984762530
9452436934
9792336754
8
33478867089
30
9406007123517830
239
5578359
606861813439572
60600990897293
75329
6615263714970
92
053822862032
64852604707
656859340
14804721693238
9
800723985385956351
06672164084
2140005823792771
7936442361353171
0
621904
31606818
120312285079470024
76887099271
7500264700980208
05252406163649
991790620009172
6460491424
4516919925043666
6
51574871437221959
0135351585928212
2021419585992574
6446122686
8049695279894074
798046737216
827604992629672
15706459500435
8345077621441512309
5
949569302
95483934442
8439371774146066
5118921238043374408
48269322811993
5948
4275874
3
07804061553
2389321880
37869824251991
2640033793098245564
36
003
4
79648
6
0400
1277665007847
8360104
02829
21411
336385618238
2382271085
66524791565031279
68048118931694730
7031162
1
991088
8902997287
1829360118084
54172740564457
999228273923299769
650689013521004
8757
4413
798197881792506
2394265415
0025587
0628
29697103
54151887550306
890963823
04994521594579
49761
51370948
976
912969535186
748391
067155
9294319012435635
88633059
867753002208
231346390861020859
04383
180792
280929
840
7898115545
5039477089
15989779402
6226520630326724134
8106408890512187238
814304897
082
7339649851
343813448146254410
7016003794638581
905
661175650177726
554419238361
8549762118278506530
400
672897811859494078
8614342347045
562622519
40290171074
55899349336
8854516795027944
86823106
7313882535
2770855753675017608
41374612004918
9367760152319702458
39420
78636898813
4251
3119422318174306410
60359
120
65869278579121400
5580086390834424509
8061405742792
6706943260938184240
73892783469025466
752350961
309
8428720487310043
4
0453964314254675
7153975265
947331336847
55756218298992
5892953761728
4481875
30
53181015238382692
759089239337
2836363177582
5476133833661
25085455
8141519090688
7463663606129800
9733
0809888387497968053
760
81752992
35490
684100314422639
97
77
0591050559470
0854407943
47539136814
7642941262
1
879851004669332
3965218740706
59418
2953388
115
42005404
317456098
7564277098
820572272656
908
68
1282624269141826
8575331
687130025899471234
7
264288661
015619760
2808146
811554092922685826
1189367502617885116
5297093590
9044256630795145
56687
641
230838492
82463192188869894
9983535320
980389722
0013808520260
889844
20694841
0
102223
59282628065444
4197183971290083702
07
981844253
5202
5677473461327491
133582197626
38262
78
1254470235557933286
583619001
46507
05603814626254
506143780642647682
13
804463
79464668
59726503975192859
4755193795647479
9991541
604058179
5150017844949035
483361081625
38812370081404565
7147187464838285
82629230
8761593379003693567
21002521138740
7632237468
8614
5989943552858556
26238094335707533
87412981
4721868453831048
9777872099941386
2950141441100
04106868018402125
685
7248831
73402307745998
2220758123
809
9
4772157982248885331
3460047311571617
2152
0252222947328
638846
0243792
1444
615710571
802423850
1782256048
2538334050659159033
88
70704032840718120
3
309
525006525983267147
967
74469
537345859860
62243601625
070
1814336
8592981146
675459317202958
6422687735004255854
757030147817721619
0632123340485
9
54222
80340710742
09
42037892313872
967
5443698731220597183
8
25002764385
091692471936
97822175019
837080562718731280
1
59678
6808961
617311459
924
3132436030874505426
7
3954832823212148253
06478375697223
8639674475086702
1686595088
4
332185173092
320677773
6698503235526858
65352
3175141459225
6
7028265110
129571873557362
13631171992288889
58916627876733
5103
54732
82781541
9932758103290128561
06429029023755
41146674474
615622606486352218
29472834780
983
58584180
0399759167923
7095990513632505
748
05236574
20141
601803
418
72956239
5407907354670390500
4498772
0340959795399544
79
7742583372966517
76636265568
530964502789470525
12
703
41
5558531115811812955
001
347955872572517633
7834153
910848797192332
9790203
454649046775
348172416573248
6
40454534052
92896033103804963
26764212985304
00611429733343
804282065944626677
38232918035
66033746794678668
489619708220
54347707081892262
4938098586
436935532717532
40662
58
0899613
479925140335162296
1
7365179
743994
469557458
8849640040
06708
09729281796054399
455511
124046142449119491
17205923
879581233960
8484
69
27790285312654763
4870814
734565
034018013440767929
88804168610
8833063678
61620289
74187247768294
048672441174
16411551987
477
6297
69685948
9603
09341
917
671196141559415242
00599
584199
9478
49
138721750848
98666693107
62819
963506461787642466
938201
813128851
7831
71381645904
00977025371570
527
5346600300
39509448506072888
30461473
84996
29861806
0912156
87937736167275799
87904680336094
34696361898
08924586885802778
64797126175060962
0
92248
493920990357919920
08
37967680820208
1367
5
922941055892706250
453602035628526091
360137039982361703
5902981677992213
82
0264862180207
3547189554
43
5364
8045302880
8610480541403722
4937670
3844214073496797371
33
448
7026724168437582482
6640158935775429895
514005120182070019
5433090
4088
6237097296024459677
267309513780
936706
02918658093
27362488083649531
76876374466747370
548365036475216
8752142306436
550082490802518
1884060239457942340
970
54
03154989
8020401633519344
917851415654549
0665215621732452
4455
21776182789968840
015563
8315533955075916880
3682
35110
335
6096
34587531031
055523
359748166
1009637201010423
024520926
82
37112046734
18015689
81343291998654
5
3006744668620821
73
881651
816567043001792
92311732915534536
75888356572125265
462
428959783833823
65125
26025
7734099956477
04261508400190170
49054926343
5219965353727
35900236545871
59106
353
762944
5621250501645054649
802982
61178387673956
994968562875
73688770
61
9588265063245166771
31585913289995
78524023766675
822057
763591885292794648
9895
377807379840
688593965
38028
740932672
22773756516949
60889
052789782975959
9367668496366
46215
992339321920701
2
6301210325
9
6869483880888069227
71684791
45033
39248
6
8320110215379307
81500
6403918280321357740
5514099461845028924
06678400
334883579
952
836248465666342
336
0430173445510238409
67905737665
1978738
34000
65631
5828431904848
182712747618
095831842211755841
088986321423
8951927048320103
4801983
9581
965155498231752
45911000793660
4033850124662787
8426862483045949341
0371049587817105950
02
42
543459382
4427138468
7579951704698292
2713215664449005868
574256406305882
962575853
58489
6695047862680424429
279883554384220
274
14696610454606542
42012
0
78
181675
05463531539916870
76192116
76281933480
6019211359710829135
52112274167
17987525632914437
31694554702
84
5279981
5106891866
95822818
761647405
0017875
1680714336830
4924
91163622355357696
1389679
31468535923
3571
69384
14801127
983665
19293729358594
2266387110
90194902131066
7290759948805
1663
52
26
356
0771177732300591254
38592243843264
3875848
23662053342
1
0626
3422528036584336512
27957985764239343
182984
740151087375045287
7441
81519418955
15428741388
39132254
876695805384107695
63081
8312083844963
60961821077861328
80870494324
10642951
76262
68066330465406
371444807618370292
26116684655022
7443506495411
86207799649
83
8516
474721576004332412
2196895657839
28983685
73427777888424
61274865283
06
442873
5349
5728884
28383208783761
3985457761
67308833442
5594840575584864969
5891
86455
45146263415138
530075509990707
9534
067194
5109541686
376433122
71
11698
4732725460346
50
11
775848
9438480936104578519
56
5323237633613171
31451147976039736
0
427771966553470924
134875538575741795
5267
391712671256092010
5302709234733601869
7454362241962974
08
0118201481
0376408077938776
24199561942836717
4
9214
5572
8720063
7985402943
83380674972
44280
98816545684
4126714495221
378260865062
76195957390070610
5
478644
59293022648045
8191277548431
690996
9158917852605217
5
50363690846
71512637176
309960
2
34
2061273971006
1377603180375097
00
593149315
142967790672757
5187
1747884295160581670
842755
470223
13367361758
4369861838
2449289483298781464
012092246089
244918083576626657
93359397964365
16293481088
1
0288748684690
2562164
714463110796
478915735069878869
3893996646658
69
48578453082501650
1212879841732281
12171184650
385894
43371390993335
1979
2288652687693964
1
20360319042
6179188454395
157925
5807146
98173211
180
92094715124
16
7459672612500090431
65462
0622
478
1300169086
38607767495556
079130287699671
0455568203839435955
6977
993145512398
89956
803694205174
90903782848635
6036913
7858
373055994404652
526
72742597
67640033
399
53296459127598549
39701682
06136168471052
300429108440905
864076102174622
6
59754008735
048875270162360
58659
37
4483124305216470811
15396
23077873111
971585209759903
743555763
3168627593625
6506390134664936
5995806094417910
299488649610
1673347235865495
5517352392208331
27388773708805
0509218813749398
839390948164986
82488091490607057
3925973082891
8221759400068
293864165221454
0011954437992774
179079038620939350
5615
896304
7151861278
763253171907
8339939
5002281370436
59465504096830748
326
5162047706487468
578605402395070
88343134231
30451596361
297
4773
8719716
373966660
1639234370925780627
65
132349896798170
480570323371559079
36877654442074
918526
9496940421946253
1091541436
7557059653515257616
6723901108126177
7813966945
52833
751653324232371
90906
4
9763511662684947327
32347
783371
15839
409080222307867
663259
512600
64201021424545620
2100375133721722040
263197744321
2705904
2803554
0609915911
98766
859
63931430880
55131874934
796073936072581
3653
42914238690586874
20485193376
5896
90350
37650215661236
235
3894432323952
186010518012
798
04
255246684477386090
672952897
3739
78300219454995869
5
01689507
73740686209636478
03858151242
6381804213
3
8218632703222812555
45758245
714
58928985130746
9347209029423
71
143595741736645
6054562132343184
168686
6
27380448005
858
16530933
99402
6119149128706432526
187807302818388
87
3708228383166498
50142966
502737
42596752485381514
455279301376614987
525489747669
6997365268099
092
875
8
6717906401
733452399877277293
1453579330443266832
918
696
569097
1747395279711055
92156
13763411956
387090182
3967550233955353373
3341106618
83636495819396253
4691543
175870648025891522
796007658490016942
49
3668132662
637497
15630785499
141318
10887
862614660
5057835638389932
579810465403482159
64400423824072
103737572470129888
83078
89250740522564
235398179908342
112
1598596
6287772045767
1846114359228
4701785
054197407
9927590536741234
859045
8711
2243373
62483641
4441271784
7323260122899424552
898255520133356
870
191350865086
7930813104
21115
099463965273155
546557919722
2214329552489892206
18757282875124065
007537780820222071
3704
658111886835994567
599866484930
514594480649305
98
29812859484
05
512
5189863669961702176
82362209443284728
3912206770826166127
7770761
146086
670747604
757655298
73435297825
2140473344572109
1
8884267538964131237
771929239700218209
624583612
4983929653286990
0681
0029529459
1033726448
053405
1718322
09056063430
1407618233
8700027901
5873225567
651707648790
332
57350006558004
636589
9970806
0887458
320099
8631274427899
535519304454468393
96665901929
658713420141029
192462823
5268
2203180084303634
7673
96926132249151
7348716101762217961
0080323953147
75070552611641456
41244
587065361
67417
5
0
3
904150232
06293
8965530106
144
6091
67
496865431635927004
8686
00
0006724308663
151654
01021498
5255251341
49361547637863
24517
751080468642716
5175
71
5531
4547456889
68420
6221802885305
173985613701231777
51761113278
05235710966
2655731
905
066202741956101619
4502
053048801239048
64395959455177
021783939894301053
1
9009658032719
0573086
70259816072095976
48699789162
2258
81978989
68192
88586381961499430
93669
2575190
9720
900916922857
3445136372129870375
32543179747572078
76773661685908
408646202175709553
4802546
0
98293638005113832
47308799333
08991552
994000590405179570
336856975
62977629414
6759418399
674
141174438763595332
94
43102244901
64242688
604844774886245638
025544
3453
7
7108
254721653090877203
88
23764711235901057
0612150404102049
5222521113649700
29873624
260150150410895
163091
540211160
97
81740
2255251
86155470550674035
604427492361256544
63196350848363993
9
0424174227231669
123600952301
03
45168296313162
89231862870455
212467324
23594
14253813
7228142728277552
386220662520179304
6837556794858
4
9091444473
180399
2332760040212
33127168790227
343964546760677115
630560649813
0015393756345918136
1114072923293094
3374079
1077119463903
802000408
60053768444347001
893
5020026016960316627
150058
6490698814759710
10895591218469
04546300
53283
297179949813220345
2627245918761096
7930850153724984514
489506043060676
34159631329585715
3
72453356512799417
3647594278587510205
5225049
4232619
3090026
1529539604083613571
68907803979
4552290152
65217528886
003
446499221300622660
597235671
4285
98640944644604
900614
403579088704233
45131309
55195642
6
8759998
93293527823525650
689522814387401
68826626685
5880
654419781562815774
893457867749831
260792108905952
7455792
2485849732
2703
182240448639065
2285960976643900
55
11122383
70874500766294258
01659824635
650371055212975598
4114355
3624563752380400
503517
56
40988877761686108
63744558168
02620
347473928983189
5229317656850
867372581883977
8
5896
491533862482689123
98045130993485
0047534142512
8658040165990699
96142
89208990435
725228169619337991
96
997746580101529492
6525427
90018706420021
1529089978
77520079441
76542084722163
51874860
7644944983294355384
0266797170343279700
946661425663951693
6130562780
3738897
645126805849032396
4320
40068585919782311
3176090557919916118
839651852
4342941
72912
51832837352
09410752
6168776732825681
590
0658
735872881
49670495
79554
697752541565
73944402529
667590
2845
6125334
842535676553
7872
86625192571
649059051220
151463797
00210069308
98979568
5049485
397594120912014725
189357795163883799
38867148948143
5
92
689085606309
82712
8913783426
022827899020246371
90304083
9622780650
044618
82273
81732805
2
70425215499584771
63136402645249
424368140714
9972
74095173399
547
15383927894793
99151475586888
50073709083
8448384569
5933162009438
8932405925243085
01752249077600
72002
9
84747662873
49388438003283
25159310683267
2
646565803267
35843058436
4710099728421
9
1025267
141257546033
6
59150079369
20291785934563
414907362337
907438540250542
86260074
1
3908316479
797
3481698
9647242170253730
2
0802980551531265648
7090010469
953966563509856429
682376562286614
90
4993736
249030596845220
7771463278077639
556535773460189147
9422
98517399442372504
41
45424791350077435
69406261409
8
26074754924305
3702513010212
9281293085691629838
228007
663085157699
11868384
71953144959778595
415886266
227732758305216234
3576745466286821374
295058769
95
215309591020091793
224449
537165
81372618928
9466703483095
93607878049900882
4235569
31753002538319378
45
08
5056709
236034607971692
673270401952777732
3435883
41352
13733722
143707
0
53640965353996
4875398500
23026648916523820
0138224714
1409766
408182
9953415441537846
4765
122828528622
761962
1466912769184222
24818768
573702881286046648
02344516859088
930
973692
4604318012579
790
246416707842124965
4199780031275230442
659482741107949
053543
0941115834868702
60997766210
713953253560294
746055
2951556331
71058382045
189462203644
6544475325524
20138211621590408
52864
0646160855
30663452910
026802
296584169174598264
981738831157186612
1843301661
511878184972317516
1499
675366155
251799677799
9429811
8
9
101561234231
53707
335867
20020
964117498777556
3466
02
1
9
56685515656590
0903
1650
231181059
944106383302
03
9598
3728494404
1288433
19914750487252831
185133656747343
14603755633238999
905328445000372906
77007230
8438976158
5
147963078774
457411
9365440352132
086
20991459932
5047
795579
811
84480937683
03877816678241
8757153001
636282097751711649
239452
76565641
7098464614513839425
3
0167039
24117389825
385
6217154547
9163314985832
273655026170
80628311
79
926
735715090
46321657273778935
36441898714
1653245
96411
58830714822720
876664300810656488
45327704122991843
023940222251906
9677168246198831059
1
7731877
04171785414964199
36436768
73
630042518003
694916
356410468
910698537592
0480808761023988344
2130115652250590
70663519093807
41533815575743629
22
601625537295
8622871614192798
440738
3524
8
7578665889371175
81266
387889
031
378146018320
30198922
8296619993543797200
154
464175943331572
60049
5229892054743
7712126029075540
80054623490533125
18
1839681
0351877749063151248
572229359408777
718268498268364
857041
75998619637652780
996789895925
242468416976
910
8
20688758681791
51
54
58
83
130146088943219988
33
85251635024
25719746791408
55265222351479328
4
067864591159
715796043
705888
189630271758
35148
93949215056715031
2562949696567
67377763694
6780
449486489
64667986864
319589479299
84572553435933
78314010
0
235463955631750182
7170515783078449357
646
67093670
84600194975
844459323280698450
8416813186411760
729982534
9099053233979102
1306821
509514592916417198
66884280
38951941261
57042970
015711
604575
30083637331
50548
054608
7282612594235153
54
69788729992049
1574592649915946
53800287133
9000113404660199
6890
809
79317337415442505
61022687243614
654548309856938
0
1354379347010
588233120204539
331564660448187785
921
25377037312463
86728601
974757922180267
6228301939
07488024874
35007954555
89660
57
8806036
03857151387916
9570069
61322545341164023
4641942953051277179
34796789284737
005280
3336609038274776376
56911047424673112
0324048169
676955638952216
3166
85426180560389
2
19346698217216
0023817858628797
69
0610897555969082289
634350085018297905
71103083385571
995824590163200
3398
730509252361450083
550
322
78
792444184605269818
066594102521336
3038536666
888
3145655947632
4239438836
82642223
74583
43964466
99632
036717
788851444
1054563
8
04275423
0610429098003
711829941908
383446685926
42580368088
71095165618597
5197590959
3
5088
92061826
630
467857286944360425
2907112
7074494105
502730285102400
8983975128491492001
5727504640835449979
9777356775106055226
493
103819158
37969439345217438
209743126961
7621307537
024482453484360283
14336708833820
665994676
5
785263344776837608
209226
2834216251136284
6792062
4479510231220718
4
5522240416344589073
134576523
338024250
03975677841
58200846965140307
9845690240408373
55920393139279
506361
17858427346046451
324083323760338910
6878423170287
16070574807265
6993655782659813
93
16106985313
6462
30
3
65
0289069687204876
9525055398402871
191694
2986048722182
8956388744304904557
447434111298254102
17540941946649
41350978855583
922333004
34403148204
25787706379
5369
86179737
0707140431667
19025
2843392867788
2172297079354
26103486649452
0160454
97257642505965
2951663
531484553956740
23397815848791
3920872129753110
6682436323095
7160493
21571157161801
5273243
90
5397888107
774710
55756
2607568337369465038
9585710464200531295
18001
5
8490186696050
654148537940365
816262
1686394226
9590715507345449167
65391
168092335178481374
02893
216877510153936
6812636856026419
302013564370278
6686172691332119876
8782181678
76893
0274731190195674
2
067918812
35263
79490296748446212
58908181798648
60932645268
7
88501198
880032449
1725554374629
2022914132700
25274
8785424490940828305
17277
57544959807416
8082737
8830032033295770669
573
41
7909024028008512051
2308
91
6750
0215211667600
88
25497
6911312745
9959825772711608
1680926027
1
0435311640
93473036067159
2706994
92482887449682
04
24330
30035434485859
9244912933634265370
5
0848770224
8488099524960
53
17559951216
82333671779
9138144
16038198426
297891382782816075
7466267459201416
1
5233024349030750735
716731948401413535
748689043
039193183380163287
89
04848164685
666696355624398
6
95239671217288
130105031
937
3162151291377943
65032527
02693127890496
9
654191801530
3187096
32209
6544826459860949387
77071151272928760
86568891668439
9379759838
2325346023
84036857
61
7020619577
44
1972544022824553
152358
43
0200099300133094023
956883
22310721
713522668
535
8819372
804379
988
50346
819474646
693768013231799813
942592301304211584
42279679726916
6545190705670314673
3915045031
6889403
47
012615
801226
15873727313372268
969725263
627247270
88568097432949814
9263363654550127
67021693
48602698
74652916
999687
063926809
890951373953406
266838336342602260
25627696310489
285572831826258451
78323684535540
4949214746697598
72019835099132553
4866
2954495903
080218965
9008
69188185417306061
90714286535
84444205320591
3
6850329116
4906880623999057
53163
2660770194715537605
40854126274
3286314443
2454104210
6
534
5878
98424865988
4048253167851418
677590619960086515
932804503
8721989
44696
62
4376243378526939363
57679665428
56787162
134640
3219518410
244
28286
606617846048262
63383074
16175082887
0600148
9633838000
45101501540270440
710
2170441540944972585
4994726514297
674183
156
180134582431
36021726712704690
92387535450795
69
27
23132
654
61394139702985255
3837
725051635605317522
074358287769903
3088770228
8576074980388408
346276734031
6024593948484
51764
38467407815043931
2318185573916548
452220327
760767190639286
7856722631238599
552258
844
25
3960041213500
1963
69820
22216
528577747484180
5779
725526293444407
856171402633271
71387508945069
994
75591
68782
997
437250237949569934
2424440
473679641257
394780512356351
27639657239
55691058201493990
23111894424
3
9373201402472
6378357263130975
919
1587133360152076
3978055793915998
16761
4
081197096428463
96934
780132903982
215706
062
0
83207646070
9294
23404778894968
625576
5355238970180
33
715958274140745
828417086743320
417176819582
4304
9135452489
49
61814060941
48315680528
66668
867086436155053126
5970428
2272685035
1842760226312331078
58612291146058527
71862
1709062359
4134798900371496730
4032741799699255
39133643940
61269906319457492
9128396
2717732442346147948
3664112
34617940128
000988651945630
785748854819936
015
9597314
00946781187
92645
43989589286128
56162363497208
0937699346490554179
2519496837957171842
1486672602872
48638799191
2220244253001628844
0756068938964
639215975273
3479031
1262741935
3856
52844263984114925
344192541
528592060764
209501590821
887425293767380
840
694818942045
284451402079840835
86859867178353
98232008
21
2474399014480267651
5388231796999
24376005
8225480730239399
1117773553122737
0161700041813796637
487775910040003911
7549
4920733842079
22385203894095287
82
128079574333
3
889661
31480647339
5231
612
3006387615074058
17282919364675418
775
66289
772774136382495
89635271343
860477626332879
1917
88127847573607232
9767653
694009
504422361240913
755006197923742
103151763
46095997328717996
864589
391
944248585602
37102429
6452616211
8166880320
714334811454
7550073884043537
4879671270518452
788
91589879565033
64012160
756
743
4796081250083
40676539854697
5968891000974673
3007291820196362484
152032942
8311980858471970
3336627
57830
540602277516182695
35
8448
31284055
3401294
2587
897576885001498
38639320144374732
7912873
6
465524217759
777116588564
7614952718325094663
49
9
771009508045594
36372564
26
3277535180183236100
36244
58800321949451
781197001439703
626950118492898
0328
42660648798217
938217587
0001
494
37951004874
299039945138925104
72724700890641
5792518453350
85814923820176
8550863613904
501361063595
5695
1
4076248606365
2711
4968345628922
74441649
880453
1592718
239752607364496
555777092
43043793526
316
184812059880
7
915098
7
43125434932
701991985
23
633
61800286
1420477732884249446
88
72
74557300985313
59697279
7721
45433556036
548440
34055407
028527
0019646799693
753261079437232
1198727408465040100
089363
409210450556
005837267
87
9766963855430883819
699
4
1316074477347137224
74087
2552074
7957951700014740922
4351606752781
8982651133756789643
10535990204
40586
384139844
587014646565
049740363
29319302272
86984611843314465
889459905320105
103363858598
839398
821551727
927262074023245
23
27
3957316232173303
1749415566586518
80456290249
4695
2367478587610
08535322997206
8578580437030
67198878248144
30758595857947072
111022298
359155804695307633
271573151159
9527206181938165729
756
655197439078032871
68957
9432589930196
76
57642233501463150
14635987812
012641275
583822387057335
3706
1000371318918
27014666932806502
160131127561
26736493193
3
793274483
94492943
5138
7052599395701239464
89611605042
90286922831346603
40721177707585646
345860
39242439285186
7528
235223863608210193
1145
31761184854412327
77
4691213617287170
7249
14218
969607580
6835229659529424
175334446546897
7
6241848665297908189
12938
829823572363148685
7923292700
138650266728340579
6794667050843047
5928754565769394869
738125158998182485
2156065479091848
0998129293
603316487759577
040
7
33192873841
0301443246128260688
280720967015920739
9
04901754528727
03156964
521086741950192550
6852461287111
0163876426535221
175379116
45315221
2
6
373040513280702248
5324129298460515
8875787381803585
101293097208
864945745778110084
607
7406882
794101000
44546723096
59720242223475
3484
8280455479
3
138
790639994
54463
3026337693
045999769546051
110
2926
3563077872
688036115830763928
2994347967242333997
3381
1446089015
941
177676224936513811
876682747964
2177
291450007
204158285590
577441898756410
079600002422515593
299
340135
849
1624
78184446512954
346303689813306
6549070
116095919001860382
3071228233
6130836959049836239
174166828992941630
84852
255668528575
45851402300102818
656610285521582775
1299439153
46359372944
0704956868346
3880162245
051
80
764112623433894
3703
1489315
5815515364292409384
87483206432
07538607525639430
31565825022247
1616157079148263187
88323
991244096785
8049475955938578872
6024180923685709276
25552956535843
44820978427332
7474021598584281
0653492331
07242555485421404
540
66588643757365389
036757257
26074696125
9566
3906479587890
047734277
315435617146
6446960335788
2465342848517780887
1
138632768
5
15051172
11
04101
210745272737
4978428
4641667
127
215
278
5
0165863894928
28212243
1842805167217236
6382546
06287987386586
70324865349863808
021742398
5867932585
362938
0994471661615574
3742743593641
48126631866
2
5802258418
9042604851521618
48
47213
485494135204382776
69862376
21
9274145445
5681598063517
91064581123972
78584672223
80090
88676157
0481906198151482
9642091995373
42
6789
0960456938321291908
69658
349793685
9052632
5763805595
93706730106
58045479281261
5782
506543835995467734
1301
342205614802737572
31902768
343045190
59617
8032063
0488242497
42156842334
224512700741
38536
8929442915499667
826576
4971941019462289
75729109374675565
55902550477948653
4534
2523
0
3860452398428
96592288
3368861658
2296420161202749
20967383940
624119602
9990275
015567
63041444761865400
084940213913312
6212292
21000
2606466879
3081579014055689126
4337992
8584319
1470
0463073570
30478284
30648
1786621308
2
9316849331514699
171223673348645118
7815
20718
068010132
6789963709319524410
879560770767905
1463
27271
8106611
803077377024
1
176374
2
290285010469
794283262812995
1111733745367008
625080
272313364343492
27203419980660322
4305629965438
2354715268211564942
5696116263158
06579799000319
28261487215198
733430908993188114
04
78207
7492015096
7336429535
76579844
95357699008
8619543559110907683
7508
196817770003
03249362945011006
2761483472736675
12
93075673249178317
830702581456494
67339
579165575
07285110937693676
131
1769644342820721334
51971009105933
9582016415089871704
564287110
998857445139878521
6504671
6057372436988050391
49
0213
9336326155917679
8507097804357866520
9644586538506249578
61262
07368
012160158185353
1418270167795305405
94051887746
372473140517708786
334143455
1339089475103470
1160127261486719
2
2008189303
11986394008649870
9554943506
23826083240
69628890084952589
9976
9509959731887
746
42859140
07
02537892
971385631861
36
63144966485846
026611127320201
07251498
85
571346535
81365794161315662
221954619487215149
26173838399608
00
622614377116608
6433296690405031751
5436
45636832935
972
8326291
1439779151638
110107814231546
725
221732733774598975
5412396672
55090390536
445
114746662
7453936254753269
845879057170
77
171315260858
8
41881517374538
477
8441966724571
86137392864
649831324
317464
416545823
18451840424
31931317922
38463656134698776
54169391
510
078481888268444
63098
986383264
3646267
46264632886
8500
3
03479
3097441
43159615517
96686453
35
49690141464
16
38932821857209926
54990031867710
1835776755091197
4622085110719695409
71094517
29
71928034825460
5117225134904
4
90375691078382
8652943539594597
508967351206754440
610951
370184893113486719
2906
4354671228600343
28010663
4214853
187
38
5495634170954000
9
578308823967069
00529525
38134
4787570843533049523
282658103
564674
2077120968984635189
2113984123651808
3958
482083
53545604549
3394454536427923439
33029
6
7
0268671124
26941378712620
1994799387149
3468628
8467378527861
9092830526665682675
2419334195
95617781233356124
053314317778
2108078581846598889
5379378255537
69
31736
641264326824003268
5224609706272
0453
5834726067397539337
56787243114808
973
2708347698748702340
54
8401690220907
6659817215254106092
04666321
441353
439
0
9872566573
356715550460859547
3864171569751651797
8924014991
77647358859103
29113892339007456
7665460299
6649889
29264061529545384
621196754144335272
975395
7
8312781
06059614904678
56771256301
34488
89
0764513725949
975
9042244
8233644881620040
2793112
4537215336369809
90083
709
0493474
9937457962451781
773
10205119
6718779620428112
2995470
479
18095063337324
91
45922902
6191232
22809409155507785
6946
320099454
82649159
37613
0611654
8183253994958152
6238
8
516302465021
6
8798745
3823757719766
1417
7996695981419171659
3
554
1074323336
72076683343133534
288091439487439
4
438125252
9625750254317989
6
609309483
80772449000094
092237454
618
98968393138
6091907696330064
597792760151
53
1136771503680268480
16738208908928647
334938780581019
399896377919861
7600880337341
128258669
3150
83104357758168
667356284201086467
412311616576
47874
91270794841853745
34
0355
377950
662148
1383
78
4484251030330060309
73691421881
1156195699081
97139993863
87277
91202697178282754
993450620069377536
113804
269437
596855648158
1735405333469137341
658399781087637300
5
66753236818396163
058
450063100
003027345369490
79515818323677170
047623745683
65993
14528863
77
073363847719202121
056134
981367215480348883
288740394
188559289324036095
54381978241044939
824580
5411008480698443
362972
953554083
8988220660695547
4003611
553
364075036980317609
137267
0145463566601252380
61086
18048514018216047
4041558837009792
031999595557515
660150037572932
3887
5814348789131426
3
6735152
901491
3550
4437
5299928395556457
1773813
811813692439165
5554499117285179685
63587643597341052
8086925687
4
14
3576278130277
131
1334115989
01897
106
657085668
5590312465965443184
54088322218452
09937943
844930583457
94335346256
721462969099957513
15893595217481
709618
41845738940
36114
8678
7472264586
90422
76245
147766
173055696
43875
28608157461
5181596838776
217572
3408289
732213141
8202801300
624326821386763
6801966
69244234019676
0
887870648805953
02428921854414102
42956289976637259
572906605
439
71039857235355
367081809921884
9228907912989
89466837607
27140474946
067881
423291899811
43857605997679448
7058781385
5970035741
58705057742
53573812177578
39130553806
248012763393646621
4914449373
6439515606048254468
4399
6053890199261243385
677698014032411
6
73909
3131801320570263773
46238
47253
689075946
04465909193075723
794657842061
06988
844859726736995243
08
57121111
67
12178451
85090916
00133778
24952116700666735
900243318
98314987429
176384686881
35842825
450339969277529846
501286714468613268
9612928211681333777
13977362955427
7902059746474
48660
185507
8076
74064779417777
082326
494352211577
410531
522957338645193055
653421635896251
0492
244208995
3
1743
20783115
09496
3527067530858
837531445699
35251727181075
70668
19204363
85
025
6761006905202976
3271140749969236
7498983
0
76798125
90892662
720357757042440524
8381826504128325325
4264730041234945
900445083269
818341074497
5483652033194298671
0453976769853638
5371
788
48905270757010581
9432292922775703
514581084
3937140745369674
27886653878744932
39
74955314250734
5870166
7710
4381384690624431
1266669812500263
99788371
881557305082689321
17677553309
23600696907803
31489
228089211967072
939895512569
998090
6
791093
233
86460074407
310419739443
303762397374894
5857967
45759313216
04673757
4129811
264189154376
322925192036
30023632982
2944487
303796
93877325455775185
68188594878
4
392
799670407760
121787722535561
22517
58172896233651
7844815
86053317615
33130
530591047767701975
0
669074849009488
480983979553749002
68
0191319395368
8362111
97
130050668929548
2485322
0973325397
43101167473268168
2640774
8889924608
57882598796028252
17494474665926
181090
50783
223354181093
2591129105300801532
6713
801298421372140
677284450
79527009408831787
60109733
7431098919606612776
306911306723822
99228391303
8282758882397069
0
20
91459195700
7498647173457471
8270316633457
14
90789
1799798848120831400
8811
76589361
802175037785816300
186693959563306
1
94558
156668032386160
997437143153354691
2361683684075
554577391820
13162102097575279
940590534587966
433930314
8881721
6616927637259
391337
9875877434364942435
2339362
3184241192412205
6814954315375845094
18556853537880
150081021929746416
521553645
933
031824352
303145984742
5260333227810
228360110307059
5
91034
5011
0735518763
626779
982816924296
964195707457
4500998812533635860
07866732570
886765
6723359
190795
32075316174367
152717885344805858
2303636572543329984
5443
3206114408388193
12501519814720
8050642
682785261051550
02112638565
2836923212277057031
0
62932064
466
144962836718
57
3003647614781
247
93
652430
23455304089309025
4873276058673249167
20
85742730105
73753056668124
38638485
7091820217874
08337906
249976
7339077997352431
3032994023624917522
631906500517
696785665698852
398341966823
2875305531100
375323120465084462
3912722183876853
7125695465659299049
821
94599784
84697
08
810652396468058
663795738192526233
6039
299195731
34037115369194110
856582764736
8329838420
4996401580630359060
26259220696
438
602
87967933928712
986734670204636521
65800698698292
7796076810251
401
14745029018
899060115162
0546793787
712079155
314754
51352
450928
4665105926824578007
68727396
357487235
8553145044
967931690262062
3
415300
449170982
2376316261424
954315
11
69766694301
73917138349226
852847716315949
4203259247553759
9261368751119847209
7
306157011
402452626
24530528666705057
65
933270750970633459
154252454487604
8971
7671855
4797657861102
2632081720178
41080053457470508
195378
7706866
137739051691499
07612
2
64898678867999145
623234558
22537638316456345
864
0348351637
9908675149895
672615817439442
62063
78141398417468848
629
5186710
